<simulation verbosity='high'>
   <total_steps>8000</total_steps>
   <output prefix=''>
      <properties filename='simulation.out' shape='(6)'>
       [ step, time{picosecond}, conserved, temperature{kelvin}, kinetic_cv, 
         potential ]
      </properties>
      <trajectory format='pdb' filename='simulation.pos'>positions</trajectory>
      <checkpoint stride='100' filename='simulation.chk'>0</checkpoint>
   </output>
   <prng>
      <set_pos>20</set_pos>
      <state shape='(624)'>
       [ 276851955, 3843044282, 2462724510, 2608579790, 2352221752, 
         2272581308, 2494050565, 647012003, 975970839, 437692, 
         1836615221, 2341524274, 2812295323, 3697222384, 1306013117, 
         3867247873, 4144970881, 1478926411, 975851644, 997324315, 
         1895619492, 1953451100, 3811234056, 3967239539, 4100223606, 
         1722653871, 3227700148, 2974546344, 1828328337, 3701347948, 
         744715361, 1650472605, 725381458, 2960941420, 3444655712, 
         1449693745, 3927626813, 4133337127, 2405337607, 2912187128, 
         2538005948, 3271963735, 1979645237, 2173178730, 1084959237, 
         1279725040, 122325258, 3060403819, 2849063180, 218616923, 
         595466520, 4286301823, 2123381636, 398067260, 3430186589, 
         1835100659, 804455327, 3055645674, 1431429997, 1403250991, 
         3037023990, 3012202664, 2864904222, 3585808849, 1626648400, 
         2128403001, 77275515, 2197732017, 1322873154, 3036658698, 
         1340718125, 744534060, 3714751741, 1528460876, 3653197940, 
         4268343428, 4236061181, 1317661962, 957467658, 785520674, 
         3507981871, 2161848039, 2388715334, 2249687467, 4011419259, 
         473040183, 2787104178, 2021893921, 1953002052, 3471970766, 
         186584562, 4194435225, 1496403670, 213429228, 2491556911, 
         1143564441, 3961974317, 3289923640, 3974870519, 2618879787, 
         3002437867, 1233335297, 966346206, 4170513286, 107697801, 
         3778740500, 3330154980, 1501869949, 2150659767, 3853758100, 
         3792930680, 441124531, 654481620, 147494595, 2752923720, 
         1895673908, 4174713660, 3346467860, 956776018, 1133238503, 
         2252889522, 3451689015, 2145980913, 1303196506, 3753203383, 
         4132317485, 3074596746, 1879195832, 1679431291, 598805532, 
         3560575395, 3889292051, 3811086603, 183091708, 4248746419, 
         302627121, 3438063258, 1787662843, 2764343051, 3250633866, 
         87968291, 1640770459, 1164070034, 2414793006, 2419712877, 
         2253565346, 1722736802, 95745969, 985107737, 1070024243, 
         3191541490, 2089759085, 4184024393, 3439115004, 3189510427, 
         2056476251, 3731958375, 2713273504, 1755178021, 985876157, 
         749240962, 1047614962, 2936550970, 3170217342, 702265423, 
         2111302030, 427508553, 3376809900, 3638599636, 3877227215, 
         2520451264, 3104742421, 3666248098, 4183305316, 2340667673, 
         2089780251, 187970408, 3150101522, 4056361117, 1660611533, 
         222061316, 1007975927, 663476105, 3531532976, 1458931676, 
         1399793063, 2059219563, 568382160, 238300445, 2863616326, 
         2529658765, 2876455010, 3406534215, 1171327888, 2667173645, 
         3172390332, 2486871185, 1005237278, 961790601, 2197596856, 
         2643654735, 774994504, 161506496, 2772091442, 360284479, 
         2738906560, 1539587214, 1533528563, 4220409075, 3717362409, 
         2664759739, 1064571955, 595092362, 1948102532, 2617737583, 
         3244182084, 249952003, 2475141419, 748298741, 860979647, 
         1152974728, 598512438, 1566821550, 2307501355, 1305358174, 
         4123465961, 27726791, 138819502, 11715803, 3406214224, 
         1602676239, 1355725958, 3843081147, 2085275487, 2773864850, 
         2380697286, 4111205378, 2004314761, 92627278, 268206653, 
         1078358298, 3150291405, 1378528602, 2730648946, 4192377037, 
         1111143247, 1473306611, 2878444640, 454236205, 812868744, 
         2635822133, 1368877415, 3141581913, 1655762229, 872736994, 
         3141016536, 2490790314, 767595518, 2726783381, 2849813898, 
         2407410580, 1821108146, 2452882641, 1131804659, 592813356, 
         493842179, 3458088130, 1229021212, 3994804995, 3802652855, 
         3725555180, 659658958, 224879901, 589410816, 3126486085, 
         3672591641, 174527197, 174592113, 4226181844, 449978906, 
         2090660294, 394862788, 1679381805, 149410235, 3599894832, 
         2782274330, 3620864807, 342840636, 1082462979, 3645969060, 
         2460052954, 960204244, 3457755200, 900399978, 3092116554, 
         2735371893, 981842889, 2397996106, 1631455081, 3359614770, 
         4233733842, 2453690787, 152971358, 2853107665, 3143032972, 
         670079420, 3860621361, 1680883512, 1999428575, 2316358904, 
         20457957, 93606074, 2659143066, 849783076, 32522905, 
         2547821270, 1036219275, 530943123, 628874041, 2340577793, 
         1097895436, 2178545198, 3884104768, 4211163949, 408108000, 
         326111643, 1407726377, 1773229078, 818570791, 3009442132, 
         2600277498, 2427510290, 2187584646, 444699235, 1026887434, 
         304282917, 3649564968, 1461063968, 3274989547, 3321869617, 
         2355311760, 1783001961, 103466957, 836530645, 3033212934, 
         2198220020, 2525248061, 1386719641, 3311932818, 885897106, 
         3348112187, 819364309, 1783204531, 390137949, 3280690878, 
         934905233, 3282477994, 3436152707, 872134516, 1209423914, 
         4079085676, 4262361683, 3174113787, 3622478693, 4015840373, 
         1342747181, 1757548705, 1091682370, 2561303516, 1604001827, 
         311425663, 1172830309, 3856120697, 3037733650, 1718868581, 
         3830311601, 1167960782, 1016206445, 1948713437, 2485373658, 
         3978317708, 1421194690, 2985181190, 23464089, 2435469784, 
         2302847946, 3369344628, 1338204759, 2126625003, 4284437761, 
         1087843588, 132892306, 1791163942, 870874436, 2581965720, 
         2714685819, 3141280976, 3289122909, 1397528217, 3438309157, 
         812338461, 1122740888, 1438522249, 2881904545, 2057840656, 
         1884163564, 1527061225, 2352152425, 1196445417, 4020494572, 
         2833747959, 3947990656, 4100380933, 1096819019, 1958684759, 
         1672323251, 4271571912, 3631979953, 1603303263, 3392303291, 
         2579053804, 1290640829, 3866076496, 2935061857, 1514344066, 
         3380090926, 2142689781, 4220988570, 758694106, 269277873, 
         135982721, 1204719078, 1807187727, 3399016842, 1216185856, 
         3930178122, 420228420, 185568995, 1928044383, 1861366871, 
         3129506291, 1487111820, 3934611064, 2216760032, 4235043465, 
         2995822417, 799133350, 175370960, 2265743217, 474654352, 
         1248509768, 2331738276, 2516601376, 2531024122, 480484462, 
         1165806034, 1687024382, 1435456117, 3346625374, 1403310399, 
         2508607464, 4079788742, 1260109929, 1078960919, 3919488972, 
         3119148236, 3576938711, 4139348032, 328279665, 1016717775, 
         4228535664, 2736985558, 4189002755, 623921268, 3455178526, 
         3364746569, 1072674784, 4110085737, 1035671604, 725543655, 
         1768783837, 1718374204, 1376336363, 3200071076, 2110403950, 
         3821615293, 901277934, 316127270, 569666801, 3046754741, 
         1833543151, 2966948679, 1415218961, 2581956532, 3314863174, 
         2033541375, 3301920205, 58969857, 1437044229, 2461381377, 
         1364955191, 55664890, 1215461149, 2568512279, 1867167458, 
         792675650, 1212090114, 210105629, 250725340, 2012750938, 
         2583958166, 352335486, 4245969561, 2510061676, 4045767376, 
         961505983, 3077038306, 183176278, 227625889, 2111452736, 
         2477385290, 2908721642, 1712227360, 2209803068, 1344618600, 
         2594799251, 1451572813, 61689138, 1583269634, 3490286679, 
         2487841787, 21312541, 3932025430, 859491759, 643913926, 
         1301949853, 3284213206, 228054998, 3141629513, 2760016368, 
         2077296604, 1549404373, 1423547513, 2207284390, 3190030790, 
         2006610129, 1710052896, 965508769, 2660219176, 3640907825, 
         4091976822, 19720475, 2857054303, 2069135509, 1467686626, 
         3479282569, 1141802957, 4078677984, 2531901982, 4091929535, 
         584102443, 3195647462, 362081230, 2349315140, 3634925897, 
         1389137071, 2527186593, 3443355329, 3750444967, 676481823, 
         829540223, 2235245622, 3801342674, 66517549, 888482945, 
         823856354, 3332315019, 2976136607, 1273735224, 3243319097, 
         3622639556, 1378913298, 1513036609, 2142482067, 560642843, 
         1971878327, 2512031066, 522541517, 503596493, 2386718519, 
         4172000051, 551023495, 576498714, 3978985712, 1454332832, 
         4269711205, 1740790777, 3490815204, 217302130, 3826433606, 
         1126421359, 1377233266, 2477545791, 2491760218, 357117461, 
         3896229435, 3921245216, 1899108311, 2132381749, 669392783, 
         1639893678, 651834768, 643544272, 4273592472, 1626926933, 
         2982611745, 3852169009, 355533454, 2263149290, 2812880799, 
         2040334280, 2972184043, 3870573471, 712286838 ]
      </state>
      <has_gauss>1</has_gauss>
      <seed>3924</seed>
      <gauss>  9.05344543e-01</gauss>
   </prng>
   <ffsocket name='cp2k'>
      <timeout>  6.00000000e+02</timeout>
      <slots>8</slots>
      <port>20614</port>
   </ffsocket>
   <system>
      <cell shape='(3, 3)'>
       [   1.51178088e+01,   9.25698808e-16,   9.25698808e-16,   0.00000000e+00,   1.51178088e+01, 
           9.25698808e-16,   0.00000000e+00,   0.00000000e+00,   1.51178088e+01 ]
      </cell>
      <beads natoms='3' nbeads='1'>
         <q shape='(1, 9)'>
          [  -1.06807130e+00,   1.96062862e+00,   4.54057718e-01,  -1.75501886e+00,   1.29667147e+00, 
             -1.03604800e+00,  -2.00271282e+00,   1.02840028e+00,   1.68655598e+00 ]
         </q>
         <p shape='(1, 9)'>
          [   9.24260116e-01,  -4.00429394e+00,   7.36165564e+00,  -3.36881617e-01,  -4.36313124e-01, 
              2.66222056e+00,  -1.52781455e+00,  -8.62985673e-02,   2.20639697e+00 ]
         </p>
         <m shape='(3)'> [   2.91651223e+04,   1.83736223e+03,   1.83736223e+03 ] </m>
         <names shape='(3)'> [ O, H, H ] </names>
      </beads>
      <motion mode='dynamics'>
         <dynamics mode='nvt'>
            <timestep>  1.03353433e+01</timestep>
            <nmts shape='(1)'> [ 1 ] </nmts>
            <thermostat mode='langevin'>
               <tau>  4.13413730e+03</tau>
            </thermostat>
         </dynamics>
         <fixcom>False</fixcom>
      </motion>
      <forces>
         <force forcefield='cp2k'>
         </force>
      </forces>
      <ensemble>
         <temperature>  9.50044560e-04</temperature>
      </ensemble>
   </system>
</simulation>
