<simulation verbosity='medium' mode='static'>
   <step>13</step>
   <total_steps>20</total_steps>
   <output prefix=''>
      <trajectory filename='inst.pos' cell_units='angstrom'>positions{angstrom}</trajectory>
      <properties filename='inst.out' shape='(2)'> [ step, potential{electronvolt} ] </properties>
   </output>
   <ffsocket mode='unix' name='cbe'>
   </ffsocket>
   <system>
      <cell shape='(3, 3)'>
       [   2.00000000e+02,   1.22464680e-14,   1.22464680e-14,   0.00000000e+00,   2.00000000e+02, 
           1.22464680e-14,   0.00000000e+00,   0.00000000e+00,   2.00000000e+02 ]
      </cell>
      <motion mode='instanton'>
         <instanton>
            <opt>nichols</opt>
            <hessian_asr>poly</hessian_asr>
            <alt_out>-1</alt_out>
            <old_pot shape='(1)'> [   2.39084780e-02 ] </old_pot>
            <hessian shape='(18, 18)'>
             [   2.14847584e-03,  -3.52844698e-02,  -3.05061587e-02,   1.60408853e-02,   4.53192983e-02, 
                 3.91823851e-02,  -3.98107658e-03,  -4.93260988e-03,  -7.22904514e-03,   1.96954120e-03, 
                 5.49901236e-03,   4.86552465e-03,  -4.23105995e-03,  -8.36227199e-03,  -4.37768710e-03, 
                -1.19467491e-02,  -2.23896457e-03,  -1.93506322e-03,  -3.52844642e-02,  -1.09606657e-02, 
                -3.66957020e-02,   4.53055093e-02,   3.28603977e-02,   4.71189310e-02,  -4.12999079e-03, 
                -5.28173616e-03,  -8.05407963e-03,  -7.78754838e-03,  -5.21186982e-03,  -4.30463998e-03, 
                 4.12195278e-03,   1.35322864e-03,   4.24758007e-03,  -2.22547536e-03,  -1.27593602e-02, 
                -2.31207276e-03,  -3.05061365e-02,  -3.66957131e-02,  -2.42600384e-04,   3.91642052e-02, 
                 4.71113870e-02,   1.90908678e-02,   4.60393390e-03,   5.34476352e-03,   1.88133398e-03, 
                -7.10431158e-03,  -4.88531438e-03,  -4.14712709e-03,  -4.24044688e-03,  -8.57040550e-03, 
                -4.50641746e-03,  -1.91727190e-03,  -2.30471198e-03,  -1.20760402e-02,   1.60408797e-02, 
                 4.53055260e-02,   3.91642108e-02,   4.35974173e-01,  -1.33617006e-01,  -1.15536480e-01, 
                -1.27211297e-01,  -8.07428069e-02,   9.58378710e-02,  -1.55162561e-01,   1.12700593e-01, 
                 1.06124387e-01,  -1.44318874e-01,   9.09643638e-02,  -9.56732138e-02,  -2.53223220e-02, 
                -3.46106643e-02,  -2.99167635e-02,   4.53192983e-02,   3.28604144e-02,   4.71113759e-02, 
                -1.33616995e-01,   3.86281834e-01,  -1.39010009e-01,  -8.01393785e-02,  -1.33998462e-01, 
                 1.01927672e-01,   1.02729975e-01,  -1.29913813e-01,  -7.63333174e-02,   1.00331010e-01, 
                -1.17062060e-01,   1.02289183e-01,  -3.46239426e-02,  -3.81679355e-02,  -3.59849150e-02, 
                 3.91824129e-02,   4.71189365e-02,   1.90908844e-02,  -1.15536475e-01,  -1.39010031e-01, 
                 4.26855462e-01,   1.04715692e-01,   1.11982457e-01,  -1.47448481e-01,   9.71408232e-02, 
                -7.67684583e-02,  -1.23575117e-01,  -9.55681589e-02,   9.26692723e-02,  -1.47274803e-01, 
                -2.99342551e-02,  -3.59921815e-02,  -2.76479173e-02,  -3.98106548e-03,  -4.12997414e-03, 
                 4.60392835e-03,  -1.27211297e-01,  -8.01393785e-02,   1.04715697e-01,   1.26682853e-01, 
                 8.57915794e-02,  -1.06854864e-01,  -7.15184023e-03,  -1.23639210e-02,   1.05017273e-02, 
                 1.22369948e-02,   1.16325505e-02,  -1.23873412e-02,  -5.75639536e-04,  -7.90856269e-04, 
                -5.79142290e-04,  -4.93262098e-03,  -5.28174726e-03,   5.34474132e-03,  -8.07427902e-02, 
                -1.33998451e-01,   1.11982457e-01,   8.57916016e-02,   1.33985945e-01,  -1.13188903e-01, 
                 1.05363496e-02,   1.21650578e-02,  -1.17590326e-02,  -9.91641214e-03,  -6.08282869e-03, 
                 8.25211566e-03,  -7.36116723e-04,  -7.87953036e-04,  -6.31394936e-04,  -7.22903404e-03, 
                -8.05406852e-03,   1.88134508e-03,   9.58378654e-02,   1.01927677e-01,  -1.47448476e-01, 
                -1.06854886e-01,  -1.13188903e-01,   1.59696711e-01,   6.49976739e-03,   1.04973252e-02, 
                -6.71805944e-03,   1.15166099e-02,   8.53364601e-03,  -7.85952414e-03,   2.29644082e-04, 
                 2.84355872e-04,   4.48002746e-04,   1.96953565e-03,  -7.78754283e-03,  -7.10430603e-03, 
                -1.55162572e-01,   1.02729991e-01,   9.71408232e-02,  -7.15184578e-03,   1.05363385e-02, 
                 6.49977294e-03,   1.67891656e-01,  -1.13876603e-01,  -1.07986109e-01,  -8.00798317e-03, 
                 8.08047518e-03,   1.11802789e-02,   4.61186644e-04,   3.17340598e-04,   2.69551048e-04, 
                 5.49900681e-03,  -5.21186982e-03,  -4.88529772e-03,   1.12700582e-01,  -1.29913813e-01, 
                -7.67684527e-02,  -1.23639099e-02,   1.21650578e-02,   1.04973141e-02,  -1.13876591e-01, 
                 1.29651601e-01,   8.16736678e-02,   8.63190075e-03,  -5.91804383e-03,  -9.76722037e-03, 
                -5.90977267e-04,  -7.72965025e-04,  -7.50000062e-04,   4.86554685e-03,  -4.30465663e-03, 
                -4.14713819e-03,   1.06124382e-01,  -7.63333008e-02,  -1.23575117e-01,   1.05017384e-02, 
                -1.17590104e-02,  -6.71804834e-03,  -1.07986103e-01,   8.16736845e-02,   1.22818022e-01, 
                -1.29568412e-02,   1.15130516e-02,   1.22214294e-02,  -5.48722179e-04,  -7.89773802e-04, 
                -5.99131855e-04,  -4.23105440e-03,   4.12197498e-03,  -4.24041358e-03,  -1.44318879e-01, 
                 1.00331043e-01,  -9.55681756e-02,   1.22369948e-02,  -9.91639548e-03,   1.15166154e-02, 
                -8.00797761e-03,   8.63189520e-03,  -1.29568412e-02,   1.44942769e-01,  -1.02431391e-01, 
                 1.01985781e-01,  -6.21852569e-04,  -7.37088168e-04,  -7.36999350e-04,  -8.36225533e-03, 
                 1.35322864e-03,  -8.57040550e-03,   9.09643527e-02,  -1.17062071e-01,   9.26692389e-02, 
                 1.16325338e-02,  -6.08284534e-03,   8.53362381e-03,   8.08046408e-03,  -5.91803273e-03, 
                 1.15130572e-02,  -1.02431391e-01,   1.27334787e-01,  -1.04268000e-01,   1.16301413e-04, 
                 3.74944520e-04,   1.22457600e-04,  -4.37771486e-03,   4.24758562e-03,  -4.50644522e-03, 
                -9.56732082e-02,   1.02289177e-01,  -1.47274792e-01,  -1.23873301e-02,   8.25210456e-03, 
                -7.85950749e-03,   1.11802567e-02,  -9.76722037e-03,   1.22214239e-02,   1.01985786e-01, 
                -1.04268005e-01,   1.48086360e-01,  -7.27806704e-04,  -7.53636042e-04,  -6.67021993e-04, 
                -1.19467380e-02,  -2.22547536e-03,  -1.91728300e-03,  -2.53223276e-02,  -3.46239259e-02, 
                -2.99342606e-02,  -5.75633985e-04,  -7.36138928e-04,   2.29660735e-04,   4.61186644e-04, 
                -5.90982818e-04,  -5.48705525e-04,  -6.21874774e-04,   1.16279208e-04,  -7.27806704e-04, 
                 3.80053600e-02,   3.80602050e-02,   3.28983785e-02,  -2.23895347e-03,  -1.27593491e-02, 
                -2.30471753e-03,  -3.46106532e-02,  -3.81679244e-02,  -3.59921648e-02,  -7.90845167e-04, 
                -7.87936383e-04,   2.84355872e-04,   3.17335047e-04,  -7.72959474e-04,  -7.89779353e-04, 
                -7.37093719e-04,   3.74922315e-04,  -7.53636042e-04,   3.80602161e-02,   5.21132471e-02, 
                 3.95559474e-02,  -1.93505212e-03,  -2.31208386e-03,  -1.20760568e-02,  -2.99167746e-02, 
                -3.59849261e-02,  -2.76478840e-02,  -5.79158943e-04,  -6.31400487e-04,   4.48002746e-04, 
                 2.69545497e-04,  -7.49994511e-04,  -5.99159611e-04,  -7.36977146e-04,   1.22440946e-04, 
                -6.67044198e-04,   3.28983785e-02,   3.95559363e-02,   4.05421086e-02 ]
            </hessian>
            <tolerances>
               <energy>  5.00000000e-06</energy>
               <force>  5.00000000e-06</force>
            </tolerances>
            <old_force shape='(1, 18)'>
             [   1.27403088e-06,  -1.46255230e-07,  -8.47005799e-07,   3.16890403e-06,  -2.98844283e-07, 
                -2.33095210e-06,   6.07669470e-07,   1.53741464e-06,   1.79590232e-06,  -1.96793137e-06, 
                -1.96911376e-06,  -1.32802103e-06,  -3.83260090e-07,   4.63584726e-07,   6.84230450e-07, 
                -2.69940736e-06,   4.13219459e-07,   2.02581285e-06 ]
            </old_force>
            <biggest_step>  3.00000000e-01</biggest_step>
            <hessian_final>true</hessian_final>
         </instanton>
      </motion>
      <beads natoms='6' nbeads='1'>
         <q shape='(1, 18)'>
          [   2.52925727e+00,   3.07534349e+00,   2.62465346e+00,   1.13059538e+00,   1.39284531e+00, 
              1.16997860e+00,   3.44931597e-02,   2.40459864e-01,   2.47926976e+00,   2.48120148e+00, 
              2.66997149e-01,   9.66571543e-02,  -7.62374730e-02,   2.52528777e+00,  -5.67283494e-02, 
              3.40766584e+00,   4.13144576e+00,   3.53749368e+00 ]
         </q>
         <p shape='(1, 18)'>
          [   0.00000000e+00,   0.00000000e+00,   0.00000000e+00,   0.00000000e+00,   0.00000000e+00, 
              0.00000000e+00,   0.00000000e+00,   0.00000000e+00,   0.00000000e+00,   0.00000000e+00, 
              0.00000000e+00,   0.00000000e+00,   0.00000000e+00,   0.00000000e+00,   0.00000000e+00, 
              0.00000000e+00,   0.00000000e+00,   0.00000000e+00 ]
         </p>
         <m shape='(6)'>
          [   1.83736223e+03,   2.18941669e+04,   1.83736223e+03,   1.83736223e+03,   1.83736223e+03, 
              1.83736223e+03 ]
         </m>
         <names shape='(6)'>
          [ H, C, H, H, H, 
            H ]
         </names>
      </beads>
      <forces>
         <force forcefield='cbe'>
         </force>
      </forces>
      <ensemble>
         <stress shape='(3, 3)'>
          [  -1.00000000e+00,  -1.00000000e+00,  -1.00000000e+00,  -1.00000000e+00,  -1.00000000e+00, 
             -1.00000000e+00,  -1.00000000e+00,  -1.00000000e+00,  -1.00000000e+00 ]
         </stress>
         <temperature>  1.00000000e+00</temperature>
         <hamiltonian_weights shape='(1)'> [   1.00000000e+00 ] </hamiltonian_weights>
      </ensemble>
   </system>
</simulation>
