<simulation verbosity='high'>
   <step>1144</step>
   <total_steps>800000</total_steps>
   <output prefix=''>
      <properties filename='gas-nvt-300k.out' shape='(5)'> [ step, time{picosecond}, conserved, temperature{kelvin}, potential ] </properties>
      <trajectory filename='gas-nvt-300k.xc'>x_centroid{angstrom}</trajectory>
      <checkpoint stride='100' filename='gas-nvt-300k.chk'>12</checkpoint>
   </output>
   <prng>
      <set_pos>448</set_pos>
      <state shape='(624)'>
       [ 4254544005, 1140409917, 2103287605, 2875346341, 3406565317, 
         107740443, 3052669997, 2572946021, 1154096688, 3388985539, 
         3985364363, 2423866891, 1325870426, 1862457245, 91209643, 
         1737786261, 792551819, 2852619309, 445919149, 1381372517, 
         3198493226, 3171961894, 798685324, 1552704571, 2968094938, 
         3722735101, 1371078457, 4023091027, 1793362239, 2389424788, 
         2597027098, 2339221049, 1635491999, 479425564, 2146383940, 
         3778994477, 1582348333, 3547508944, 3488889743, 2115973370, 
         3883423083, 3766847415, 3095252744, 3957760156, 14219643, 
         686442729, 6923804, 3235618330, 1176010929, 1780734008, 
         997301693, 3662109449, 4243807802, 3632061580, 2284899890, 
         335652546, 4207235797, 353917467, 2676979320, 1639313944, 
         3552959879, 1175580463, 3076198035, 1863918106, 1381853608, 
         3162680809, 726049755, 1278189495, 72872795, 1211606111, 
         403594703, 1987253248, 464725844, 2730631065, 2856344575, 
         3251160684, 1631463197, 2702905784, 704525657, 4009213481, 
         1461823488, 3289834664, 3696201859, 955025022, 895707290, 
         2952950082, 1483652103, 2105167558, 1941375359, 2921171891, 
         464822031, 1453552710, 542362607, 3559657584, 1114969042, 
         2118587701, 3569962562, 197209692, 2714773047, 2504049602, 
         3258883351, 671765228, 3101058330, 2741330294, 2719345463, 
         2173851787, 1475580682, 268069329, 3869423876, 4191553692, 
         3109375863, 3687958001, 340512367, 2925417548, 395867391, 
         1500826039, 3410607383, 1838730092, 1211738088, 3191846057, 
         862785035, 4185473457, 1160229167, 666894391, 2192737870, 
         1999456217, 2514310248, 770631299, 2615526104, 3729761228, 
         1406706474, 1001310808, 4103090416, 1189604457, 1576857177, 
         1693113567, 444467250, 2778304369, 1515512165, 2425249628, 
         1566706582, 1133502066, 3517230532, 538161339, 3219780965, 
         1470451429, 876309956, 1862560611, 1854470373, 4287244938, 
         1833534122, 597351160, 1271816768, 1467467464, 2465897914, 
         1188837020, 2772504460, 593140754, 1473631188, 1308745679, 
         4012962155, 3942708115, 4089698221, 3749021997, 1782905177, 
         2633408354, 1662027943, 1787101826, 943495846, 252007277, 
         2472195563, 980581028, 3475143867, 2454537954, 1296834606, 
         13627290, 2290469326, 465631554, 4075240112, 853046729, 
         4029070856, 466972174, 1565183586, 1000192420, 1365873489, 
         1468815226, 3725433351, 225374895, 440398447, 4177450418, 
         2929602165, 1545990137, 1182743206, 2441263334, 2660894081, 
         1288252644, 4193300943, 382916894, 2176581471, 1972751385, 
         4193422802, 3706189958, 4069721627, 4211387881, 3339090617, 
         1145040466, 3698491322, 2869190514, 1207575041, 356821711, 
         3425915957, 2488949130, 1238132714, 1533783009, 3169672402, 
         2265950692, 3084100230, 2410330828, 1177402415, 4213804642, 
         3685044040, 680072833, 4193889075, 4113098263, 2806882164, 
         3399548789, 2096745777, 1458066498, 2768151715, 541621938, 
         1548742427, 3696381183, 2353949022, 2790145944, 3123687189, 
         3621066095, 400903371, 2429635053, 725750670, 3518701938, 
         2408686002, 43147611, 842637946, 2006387672, 1227572982, 
         3389247073, 2732184092, 3741214383, 3460759246, 3807583646, 
         2369638653, 1298895285, 2157706220, 3210470969, 4046639515, 
         92127639, 3911489677, 25696776, 106595374, 3806157107, 
         2584163100, 1523651195, 817234736, 1762807138, 4006569973, 
         2227574940, 2717734915, 359489544, 1579191565, 2909302597, 
         1212299342, 2093094891, 3952190687, 1116591183, 2424700660, 
         2231269060, 1738299671, 2379346834, 273462085, 2964229272, 
         1743413014, 2731702971, 4050334062, 3563213185, 2834119130, 
         238627137, 219513725, 3915398307, 919939484, 3846483259, 
         1516742497, 1085221989, 319999032, 901187127, 2394393732, 
         2887294797, 361670777, 1917621663, 1932883581, 2253750836, 
         3538068557, 796812078, 2309640006, 3368659686, 2585944138, 
         2316454122, 1833122280, 198168930, 3871251183, 1777886290, 
         3780162076, 1244249584, 3083921555, 3954379314, 1274150933, 
         4106945548, 294750275, 286259162, 4131427462, 2274594741, 
         2813177602, 1200204621, 3030961967, 3720454691, 1875617828, 
         1564450596, 1272629284, 288089200, 1397034728, 3700732123, 
         4279693957, 4021830214, 2034916727, 2995098294, 538469807, 
         3706322523, 2416577966, 1978746006, 2850555225, 3512221161, 
         2459622818, 3295729227, 535524820, 2258567290, 4214039119, 
         206925398, 2786013598, 2796622422, 2952612239, 3115789938, 
         4200721259, 367954780, 534526359, 1132837647, 737686289, 
         1242344652, 981916656, 2693638380, 3716365988, 1635430236, 
         1219271206, 4088653467, 2789266719, 191901283, 1377399122, 
         1467712783, 3435858546, 567030585, 1073068876, 155506900, 
         1884390421, 3333786847, 1765049536, 3241186319, 1536721029, 
         1501386389, 157522890, 194530860, 2920863111, 874114691, 
         1245916532, 420458765, 320931986, 2814089757, 3614766227, 
         1930337068, 2692387520, 3489619103, 678143880, 1859950088, 
         2434709061, 4181489733, 3253295518, 4110750894, 854587103, 
         3523146504, 1906109335, 4167373573, 96696362, 2764670654, 
         965565832, 3327809954, 4204862854, 477101056, 3046991085, 
         3009830793, 506232632, 749984711, 34119422, 2121833609, 
         243134818, 1657585441, 2730583227, 2372353103, 1848853230, 
         2734398822, 4208364239, 2165038509, 3734697672, 229710811, 
         3930042338, 1002509933, 3814662741, 1497854607, 873138796, 
         4086558176, 3245742755, 3093868746, 1708421594, 1936031246, 
         1630757681, 2629603527, 3610993073, 874477647, 4069402064, 
         958095873, 523040483, 2951112814, 1186990502, 471664739, 
         543389255, 3612336914, 2020925231, 1013394617, 3428530748, 
         3867465903, 3519275799, 2958654214, 2170797688, 3644506618, 
         2209475826, 3378318893, 1332518872, 1245130467, 430957601, 
         311337268, 4144572192, 1459778926, 3147090851, 2121752448, 
         3652920736, 2833050776, 2040032149, 1878666024, 3695271896, 
         1555636890, 90289342, 3639458745, 2537999726, 674404623, 
         205794071, 2157039959, 2182567699, 3044278644, 1976540082, 
         942295207, 3632295313, 2266058943, 849898282, 3502345104, 
         1327457239, 2783950955, 2701383693, 109864161, 2494282391, 
         1479393993, 4230897560, 2933127992, 3503855175, 3331274352, 
         3317287523, 2208231884, 3536240985, 1145509036, 2641737124, 
         1576289615, 3167218765, 1703557952, 1961168958, 1588438363, 
         3897830120, 4001500835, 1895029977, 3940875705, 2142041090, 
         2022855355, 4113320516, 3181004490, 3069391950, 1196148968, 
         3196196023, 965070945, 1858645312, 1543719743, 934811252, 
         3071136401, 2398703301, 1056428886, 3702855229, 579785412, 
         4005663454, 3267922616, 403508823, 2074927008, 1558500235, 
         145908640, 1552814762, 3920659569, 538329956, 2071707821, 
         237675076, 88145344, 1896043342, 3872950388, 329689173, 
         3669866913, 237202493, 3650710495, 3219187592, 1237030831, 
         1764418366, 1314856271, 332405328, 358701307, 3651261066, 
         1926810925, 4140780749, 2668822048, 604994057, 3673792579, 
         3258035209, 1758107833, 1478803573, 3851635413, 3538781495, 
         606178731, 1007599655, 364084356, 2414848131, 832490904, 
         511003773, 194812815, 2640335035, 120855890, 1295282403, 
         2114343661, 200391261, 995283814, 3719340360, 105954550, 
         3188580105, 1643730286, 2947216189, 374233239, 1336005536, 
         3301086069, 2650945527, 2976714897, 2146467196, 585302298, 
         158121058, 796372144, 793641840, 494217161, 2674821143, 
         2563311911, 3590476471, 1757750327, 169023366, 49755967, 
         163874620, 2889696070, 2782581300, 404926816, 108298947, 
         2740564003, 2199143611, 3541831780, 590360566, 3725032953, 
         784561493, 3739561165, 2837820256, 1049201819, 2885220566, 
         1372775354, 3337697143, 1317315889, 3760578069, 163916422, 
         1492816143, 697233372, 1037432546, 1965597840, 1707010206, 
         2577593382, 443394430, 2273454944, 911425717, 1819352103, 
         2489611635, 1321130498, 1139993601, 2522858250 ]
      </state>
      <has_gauss>1</has_gauss>
      <seed>3924</seed>
      <gauss>  2.27443045e-01</gauss>
   </prng>
   <ffsocket name='cp2k'>
      <timeout>  6.00000000e+02</timeout>
      <port>20614</port>
   </ffsocket>
   <system>
      <cell shape='(3, 3)'>
       [   1.51178088e+01,   9.25698808e-16,   9.25698808e-16,   0.00000000e+00,   1.51178088e+01, 
           9.25698808e-16,   0.00000000e+00,   0.00000000e+00,   1.51178088e+01 ]
      </cell>
      <beads natoms='3' nbeads='1'>
         <q shape='(1, 9)'>
          [   1.79291443e+00,   3.26183071e+00,   4.88850974e+00,   2.59835358e+00,   2.65022073e+00, 
              3.33350143e+00,   2.22154470e+00,   5.06901432e+00,   4.91060070e+00 ]
         </q>
         <p shape='(1, 9)'>
          [   9.22783426e-01,   6.00029476e+00,   2.71474703e+00,  -7.15427556e-02,  -6.77919993e-01, 
              2.70773947e+00,  -6.06099782e-02,   5.36398915e-02,   6.24409985e-01 ]
         </p>
         <m shape='(3)'> [   2.91651223e+04,   1.83736223e+03,   1.83736223e+03 ] </m>
         <names shape='(3)'> [ O, H, H ] </names>
      </beads>
      <motion mode='dynamics'>
         <dynamics mode='nvt'>
            <timestep>  4.13413730e+01</timestep>
            <thermostat mode='pile_l'>
               <tau>  4.13413730e+03</tau>
               <ethermo>  3.53462004e-02</ethermo>
               <pile_lambda>  1.00000000e-01</pile_lambda>
            </thermostat>
         </dynamics>
         <fixcom>False</fixcom>
      </motion>
      <forces>
         <force forcefield='cp2k'>
         </force>
      </forces>
      <ensemble>
         <temperature>  9.50044560e-04</temperature>
      </ensemble>
   </system>
</simulation>
