<simulation>
   <step>2</step>
   <total_steps>800000</total_steps>
   <output prefix=''>
      <properties filename='simulation.out' shape='(9)'>
       [ step, time{picosecond}, conserved, temperature{kelvin}, kinetic_cv, 
         potential, pot_component(0), pot_component(1), pot_component(2) ]
      </properties>
      <trajectory format='pdb' filename='simulation.pos'>positions{angstrom}</trajectory>
      <checkpoint stride='100' filename='simulation.chk'>1</checkpoint>
   </output>
   <prng>
      <set_pos>536</set_pos>
      <state shape='(624)'>
       [ 1110962491, 1772146345, 3978178878, 372145783, 1841027356, 
         3274190286, 2806245947, 1289957376, 3490964323, 1388715332, 
         2312034083, 2807716315, 483690747, 146858622, 825446430, 
         4256023356, 1128490464, 2574051149, 1895638988, 3274511082, 
         2613536464, 1743022288, 3278524983, 4292905798, 1038142543, 
         4273105226, 2604816427, 2996526119, 3358897359, 2517764721, 
         2805875564, 3994674364, 1771694556, 1710092561, 1160147261, 
         2839534341, 1498896915, 1937141374, 2891346172, 1650256608, 
         3300068865, 795083823, 4171818710, 3018882014, 969161554, 
         3303656773, 3677019251, 1616795474, 4099014934, 3406926448, 
         1285869657, 2060102933, 2268311497, 2865778254, 2185281060, 
         3418273118, 2913262409, 2367172404, 1933139810, 3631015189, 
         1343409405, 2809079730, 1633613231, 972368073, 648721587, 
         4147585014, 4067139706, 2136087388, 2640409884, 2087780907, 
         2517369927, 238349447, 3653947223, 3220215471, 1620756923, 
         4137566329, 4064585494, 2446716422, 1275384839, 3137166996, 
         1015525935, 4119991791, 2837260202, 2294439436, 1979239942, 
         611735782, 1671874122, 795757967, 2965033891, 1026393540, 
         534712389, 764128721, 3110769932, 2196184802, 3046065374, 
         702761835, 3071476142, 354965265, 783718438, 3202529883, 
         1256243334, 234829484, 3518486363, 3563250457, 2365317536, 
         3285170288, 1584508823, 2778607608, 3957203784, 931983941, 
         1862222061, 4191849953, 22970038, 3366965647, 2029853764, 
         1177161207, 767547930, 1969413629, 695742801, 3199767040, 
         1674671604, 429751061, 1744749880, 2967765615, 2591385080, 
         171809969, 3753511808, 3994847395, 720464922, 1853494134, 
         1916434799, 3107235754, 2778685046, 949919459, 2893822851, 
         1844441088, 363082785, 1181968730, 2052241159, 802089174, 
         1990237589, 2044879691, 1209748929, 1635415171, 2018605403, 
         1643632978, 1170557249, 578481761, 4081937796, 2879038243, 
         865131583, 2101653735, 1403803183, 1534574892, 3551215357, 
         136844093, 2921220522, 2096390957, 2853933973, 3440052497, 
         2291187458, 1628984510, 548912642, 1654804653, 846522696, 
         2156064756, 3667344567, 1096805161, 1099170376, 2160260238, 
         1186133558, 3326488559, 209810637, 485175844, 2553791545, 
         3875866269, 1879856770, 2521161376, 3485447, 4141622634, 
         201030049, 229249434, 1028254359, 734308301, 3770843198, 
         3364990428, 2247936187, 286369353, 1052353569, 1953254308, 
         2885837125, 2591888789, 1722048194, 380930557, 1471786163, 
         649634662, 1905461540, 2556093870, 3176347873, 3215025399, 
         2719780634, 1006140821, 3324586693, 2182538768, 2539648435, 
         4117340364, 3101309149, 2405636047, 4202029577, 925002390, 
         518557912, 2629941357, 2416421168, 531164411, 3941874202, 
         1185939395, 3447461325, 1980887102, 3938467075, 3586337065, 
         1049822798, 649585056, 3706599514, 1021489497, 4057486252, 
         3388606921, 2395028132, 4072925270, 3920977985, 2956542339, 
         602925564, 540885504, 577554444, 3679756511, 1947419938, 
         2457530769, 3926887724, 3709240104, 2818744031, 3959296534, 
         2114750737, 317514024, 137283796, 3456792495, 3361256325, 
         298478409, 962531304, 405683355, 3124020392, 2340835772, 
         4230252141, 3663537068, 3017534046, 3534098114, 660666139, 
         644885008, 3915320992, 1684615217, 2596937590, 1544587177, 
         1137687805, 2831402785, 1469278410, 1516135004, 1821299569, 
         3752093670, 67748907, 2151187313, 704110822, 1663638933, 
         130064517, 918624584, 1903683069, 229908198, 3357607993, 
         2830154208, 13546898, 1854729868, 403163388, 3847319081, 
         745003101, 800480336, 1277411254, 1477564996, 2642810307, 
         153057274, 2823655135, 3865857790, 2145598985, 3826024391, 
         1464957725, 3831424594, 1501179374, 2119541633, 771038300, 
         2900156123, 8272860, 2160271812, 3259223131, 2063607514, 
         5546638, 2472714616, 1747801552, 2881537340, 2363810061, 
         672700602, 3492999471, 668815246, 2370903315, 860490350, 
         2969953248, 354237760, 3747409236, 1784128809, 1090054141, 
         4007994360, 3995671033, 237030039, 4051887740, 1348388980, 
         2422463454, 4095499156, 1458971142, 1694336397, 1657081772, 
         4068224657, 2705537756, 633457450, 4146079527, 2052860646, 
         2194552141, 491887840, 725517199, 3238580491, 2431105923, 
         1733221699, 4071112052, 1026251339, 3974507411, 1348504554, 
         1326471630, 2979235740, 846441009, 712968267, 134383686, 
         3299480595, 3684265687, 1089456341, 2501813805, 1674300192, 
         3008334062, 1340467450, 809013870, 3126446359, 3944976647, 
         1387421685, 2416444403, 3899544899, 539147200, 3921189263, 
         4060612958, 1977600552, 4006891243, 1656498411, 29874391, 
         2313759147, 3382845737, 726980241, 470014184, 994049524, 
         3369109986, 1412982752, 4229013994, 4070402338, 3123214036, 
         4076169806, 2043885836, 2900087133, 238360035, 1384797681, 
         300352955, 2546795965, 4217315107, 955584107, 3223618238, 
         557838811, 2655002268, 2567545318, 551470240, 1497604324, 
         4005173057, 3151848952, 2955041838, 891560126, 1165136783, 
         3967905627, 151589114, 1114096782, 4137733060, 1230011024, 
         2082361134, 740617891, 2182737938, 3828508988, 2600516962, 
         901058636, 37515739, 2753668269, 4012978533, 2730522378, 
         2699360335, 657983628, 201313245, 643821451, 421309563, 
         1178822330, 3190016710, 1557467537, 3229207243, 4058899083, 
         601641579, 3625154788, 4082832409, 2797753428, 3488767214, 
         3348970951, 2364608117, 1214855189, 1799328949, 3575437424, 
         3725541453, 2847265488, 2116424905, 3015204714, 3543813724, 
         2326378691, 69664459, 574444365, 541849257, 2350325642, 
         2758893817, 17404242, 982218099, 1045320293, 1419961114, 
         2813578183, 2278650200, 198586330, 692382940, 3473697251, 
         1414541919, 580020252, 2318819996, 3145959725, 817444102, 
         3171648402, 2387990341, 134309474, 2257823733, 3641073900, 
         1515861127, 1204101716, 1473385904, 4189750108, 1441721089, 
         1036564361, 1604557980, 3873469587, 2710024885, 2373663720, 
         3400290443, 2136117488, 3130590308, 125642786, 785407119, 
         2635580185, 1282779474, 51329150, 3470456014, 253646528, 
         2767787873, 2065651873, 1952970363, 2929647068, 75399311, 
         3347240660, 1845188929, 2570259413, 2252710810, 2616609015, 
         1370342363, 2349319795, 1624899947, 4214629361, 3651072707, 
         2822312109, 823432791, 3236380028, 213553949, 1662534551, 
         2744149076, 759737329, 1026070817, 2904495661, 3897057223, 
         3834405319, 737437199, 4176699205, 3842435294, 2045597378, 
         3978017449, 1861907245, 1065235086, 146797129, 3731590374, 
         219883668, 3257278972, 1657247629, 1925875457, 3062585503, 
         2209083909, 2628113188, 3073755156, 1017347384, 2918976266, 
         3819626425, 1284677826, 1949278742, 436050268, 649414761, 
         1290680980, 51602251, 629671632, 1170409029, 788485345, 
         4287751717, 3554659078, 2024320228, 1413805015, 3233790489, 
         2248248313, 1346430251, 1511683790, 2603724078, 678384205, 
         32112293, 485566176, 741295433, 2535027155, 4021000540, 
         261510327, 1786550546, 932627911, 2255334735, 1670884478, 
         2544596702, 1222445412, 3613520076, 1578935209, 1350442672, 
         1554756076, 480311659, 4005959679, 73105475, 914803459, 
         1101707588, 22247783, 120815430, 2808424559, 1734573025, 
         2071122549, 2551827517, 2949257641, 2302552467, 978398833, 
         1716333583, 2206595766, 1284754073, 3303569043, 123419035, 
         1770149556, 429864624, 1030991780, 67431516, 462415161, 
         2162277358, 3487976110, 1521314679, 859945725, 993069243, 
         1659929722, 1277555691, 1609109361, 26301778, 2740601923, 
         666700647, 1821621759, 916063334, 4288312848, 891507390, 
         1595854478, 1309002160, 2292127356, 4254080645, 1707719112, 
         1483854075, 2638349750, 3258432440, 4203585785, 3261178681, 
         1941590385, 1697514468, 383453160, 980774972, 4042399567, 
         1152210595, 1586864584, 669414672, 2724314515, 590096281, 
         2766425868, 1665652915, 1332891346, 4045035704 ]
      </state>
      <seed>3924</seed>
   </prng>
   <ffsocket mode='unix' name='qt32'>
      <latency>  1.00000000e-04</latency>
      <address>qt32</address>
   </ffsocket>
   <ffsocket mode='unix' name='qt01'>
      <latency>  1.00000000e-04</latency>
      <address>qt01</address>
   </ffsocket>
   <ffsocket mode='unix' name='cp2k'>
      <timeout>  6.00000000e+02</timeout>
      <address>drivercp2k</address>
   </ffsocket>
   <system>
      <cell shape='(3, 3)'>
       [   1.51178088e+01,   9.25698808e-16,   9.25698808e-16,   0.00000000e+00,   1.51178088e+01, 
           9.25698808e-16,   0.00000000e+00,   0.00000000e+00,   1.51178088e+01 ]
      </cell>
      <beads natoms='3' nbeads='32'>
         <q shape='(32, 9)'>
          [   9.96565024e-01,   2.19823058e-01,   6.26903479e-01,   9.96240117e-01,  -4.34393788e-01, 
              2.45382754e+00,  -6.94083001e-01,   1.06494202e+00,   7.61402506e-01,   1.02377453e+00, 
              1.89931740e-01,   6.06632355e-01,   9.83181835e-01,  -6.08869315e-01,   2.30660787e+00, 
             -5.65516195e-01,   9.90658640e-01,   8.27944201e-01,   1.04752037e+00,   2.26081068e-01, 
              6.39816161e-01,   8.27002234e-01,  -8.05796970e-01,   2.30552031e+00,  -9.33508491e-01, 
              9.42330592e-01,   5.44225871e-01,   1.00568331e+00,   2.26663397e-01,   6.56215206e-01, 
              9.27843484e-01,  -7.29581582e-01,   2.37938798e+00,  -9.72843238e-01,   8.97941812e-01, 
              7.05872275e-01,   9.91126418e-01,   1.97421740e-01,   6.62215804e-01,   1.01518735e+00, 
             -8.36866968e-01,   2.37481936e+00,  -9.37636980e-01,   8.76805090e-01,   7.18618749e-01, 
              1.02297936e+00,   1.89512329e-01,   6.54913974e-01,   1.07567728e+00,  -7.85692245e-01, 
              2.30973464e+00,  -9.64609074e-01,   1.05473748e+00,   8.40101937e-01,   1.01314877e+00, 
              2.09227836e-01,   6.70967825e-01,   1.04168631e+00,  -6.65846313e-01,   2.21383233e+00, 
             -9.58821314e-01,   9.86100226e-01,   8.30919628e-01,   1.02594293e+00,   2.09527184e-01, 
              6.10988229e-01,   1.00870070e+00,  -8.93966765e-01,   2.23600786e+00,  -7.10060578e-01, 
              9.69445000e-01,   1.00539740e+00,   1.00684096e+00,   1.92547360e-01,   5.88667329e-01, 
              1.01771533e+00,  -8.38047696e-01,   2.16176153e+00,  -6.25177382e-01,   9.16904271e-01, 
              1.01656864e+00,   9.96050251e-01,   1.95386655e-01,   5.52399031e-01,   1.09837144e+00, 
             -7.96799708e-01,   2.24240268e+00,  -7.02168236e-01,   9.29542522e-01,   9.44964899e-01, 
              9.29879005e-01,   2.46058229e-01,   5.26812988e-01,   1.14118797e+00,  -8.50536408e-01, 
              2.37302979e+00,  -7.13238612e-01,   8.49725996e-01,   8.56103630e-01,   9.87507894e-01, 
              2.72357968e-01,   5.47660319e-01,   1.18664850e+00,  -5.46848112e-01,   2.20755127e+00, 
             -4.62945226e-01,   1.08117407e+00,   9.42207169e-01,   1.04146826e+00,   2.70516498e-01, 
              5.54342507e-01,   1.44815594e+00,  -4.90121040e-01,   2.31757494e+00,  -6.92896674e-01, 
              1.11346705e+00,   8.38156170e-01,   1.04240204e+00,   2.44857145e-01,   5.16076574e-01, 
              1.42839994e+00,  -6.95127165e-01,   2.25512655e+00,  -6.98752156e-01,   1.02267938e+00, 
              9.07822851e-01,   1.03917509e+00,   2.05813198e-01,   5.05860370e-01,   1.59251311e+00, 
             -8.27273476e-01,   2.00381555e+00,  -7.65251775e-01,   8.78638531e-01,   8.27687647e-01, 
              1.01417407e+00,   2.37932684e-01,   5.66503065e-01,   1.55605870e+00,  -8.12259485e-01, 
              2.16782657e+00,  -8.21615674e-01,   9.04956880e-01,   9.63562140e-01,   9.93687920e-01, 
              2.42281064e-01,   5.54254104e-01,   1.44618201e+00,  -7.10420987e-01,   2.25071855e+00, 
             -7.29241845e-01,   9.55674404e-01,   9.97407019e-01,   9.96317670e-01,   2.26127075e-01, 
              5.34306051e-01,   1.32849408e+00,  -5.83482215e-01,   2.30000425e+00,  -8.59098522e-01, 
              8.67451570e-01,   1.06330174e+00,   9.94377775e-01,   2.35766616e-01,   5.89403759e-01, 
              1.23946897e+00,  -7.65328779e-01,   2.49649837e+00,  -8.76889418e-01,   7.49743452e-01, 
              8.98875286e-01,   1.06135891e+00,   2.01548831e-01,   5.72971576e-01,   1.20681233e+00, 
             -8.40032789e-01,   2.41289173e+00,  -8.45477449e-01,   9.89662172e-01,   7.41509801e-01, 
              1.03201894e+00,   1.28904306e-01,   5.90704981e-01,   1.10741674e+00,  -8.97293793e-01, 
              2.38869691e+00,  -7.86410485e-01,   1.01351172e+00,   9.94625049e-01,   9.98496477e-01, 
              1.30927492e-01,   5.81015781e-01,   1.18332075e+00,  -7.08229877e-01,   2.33505075e+00, 
             -8.60822112e-01,   9.59995025e-01,   9.27649409e-01,   1.04543874e+00,   9.44053505e-02, 
              6.08694768e-01,   1.31841829e+00,  -4.54213218e-01,   2.35560102e+00,  -7.71846204e-01, 
              1.00663021e+00,   1.01462614e+00,   1.01430617e+00,   1.23983402e-01,   5.91674817e-01, 
              1.17344651e+00,  -5.18081040e-01,   2.33046705e+00,  -6.94000276e-01,   1.12152764e+00, 
              8.12385237e-01,   9.92464801e-01,   1.35554270e-01,   5.97698871e-01,   1.19754507e+00, 
             -6.83786326e-01,   2.21590486e+00,  -7.13741780e-01,   1.08045040e+00,   6.31958945e-01, 
              9.23039755e-01,   1.39548980e-01,   6.07613769e-01,   1.14661629e+00,  -6.98671537e-01, 
              2.48032036e+00,  -9.31612328e-01,   1.18179947e+00,   6.02649423e-01,   9.10314664e-01, 
              1.45352260e-01,   6.07762632e-01,   1.06352367e+00,  -6.01985959e-01,   2.46106718e+00, 
             -7.29471194e-01,   1.09117562e+00,   5.63435887e-01,   9.49430503e-01,   1.59312470e-01, 
              5.84330091e-01,   1.07788573e+00,  -5.00706123e-01,   2.37090158e+00,  -6.93061049e-01, 
              1.10290662e+00,   5.33350876e-01,   9.49724288e-01,   1.91535170e-01,   6.07015092e-01, 
              1.08448143e+00,  -5.14918848e-01,   2.35512702e+00,  -6.69022114e-01,   1.09091504e+00, 
              7.45579425e-01,   9.61067346e-01,   1.97692363e-01,   5.98641046e-01,   1.08668201e+00, 
             -3.24597227e-01,   2.48110779e+00,  -6.09331652e-01,   1.11853710e+00,   7.40332729e-01, 
              9.49597942e-01,   1.93460118e-01,   6.02434115e-01,   1.24383164e+00,  -4.02192556e-01, 
              2.42018911e+00,  -6.63201700e-01,   1.14105299e+00,   7.45801246e-01,   9.80497102e-01, 
              1.99030084e-01,   6.32641603e-01,   1.11173625e+00,  -6.28399015e-01,   2.44688678e+00, 
             -7.83725246e-01,   1.04008499e+00,   6.63594263e-01 ]
         </q>
         <p shape='(32, 9)'>
          [   3.47719449e+01,   2.63490447e+01,   5.99188590e+01,   8.92715724e-01,   1.34024792e+00, 
             -1.28232101e+01,  -1.12301470e+01,   4.08113430e+00,  -2.76011416e-01,   7.94347552e+00, 
              2.11072629e+01,   4.61478206e+01,  -8.30290142e+00,  -1.54439448e+00,  -1.08309554e+01, 
              2.14829432e+00,   1.00507565e+00,  -8.33350349e+00,  -1.59865610e+01,  -9.00361272e+01, 
             -3.74073837e+01,   1.62209827e+00,  -1.85517168e+01,  -5.05375422e+00,  -8.46942313e+00, 
             -2.03801765e+00,   6.00700264e+00,   6.24626623e+00,   1.59504171e+00,   3.40130799e+01, 
              1.29861188e+01,   5.21097651e+00,   6.00734837e+00,   2.11850073e+00,  -5.98860606e+00, 
              2.68285672e+00,  -3.41352507e+01,   1.65021944e+01,  -3.01214257e+01,  -6.54529170e+00, 
              1.54209078e+01,  -3.58111963e+00,  -3.39821420e+00,   1.38603855e+00,  -9.40188426e+00, 
             -1.92359615e+01,  -3.71190853e+01,   2.25490621e+01,   1.06049757e+01,   8.34074215e-01, 
              9.34085732e+00,  -2.37413923e+00,  -6.19457258e+00,   6.86087425e+00,  -2.04946909e+01, 
              8.55336003e+00,  -2.97321054e+01,  -2.02249306e+00,  -7.22873602e+00,  -1.81241276e+01, 
              1.10525754e+01,   2.40984904e+00,  -9.64509000e+00,   3.27699888e+01,  -9.20291063e+01, 
              1.66241375e+01,  -1.26127649e+01,   1.04394029e+01,   5.84301513e+00,  -5.54293665e+00, 
             -8.78854050e+00,  -5.21523822e+00,   5.42475520e+01,   3.20415276e+01,   5.36548505e+01, 
              1.18336250e+01,  -1.13227246e+01,  -2.10577837e+00,   3.54063181e+00,  -1.77039110e+01, 
              6.33933970e+00,  -5.39805594e+01,   3.05853256e+01,   2.41901865e+01,   6.97784600e-02, 
             -1.04398377e+01,   1.75297589e+00,  -8.18655767e+00,  -3.03056478e+00,   7.45401388e+00, 
             -4.79218458e+01,  -2.64039858e+01,   4.43531663e+01,  -1.25899664e+00,   2.82053305e+00, 
              4.43707770e+00,   1.58413212e+01,  -4.44192514e+00,   8.70801894e+00,  -2.30335212e+01, 
             -9.23740274e+01,  -2.03519114e+01,   1.83789861e+00,  -1.60772976e+00,   2.52972831e+00, 
             -4.77836552e-01,   8.26692217e+00,  -5.02414089e-01,   1.23419595e+01,  -3.91376712e+01, 
              1.89961259e+00,  -1.16157064e-01,  -3.23617525e+00,   5.26440722e+00,  -3.47254405e+00, 
             -3.22375113e+00,   4.03463490e-01,  -4.03418923e+01,  -2.06338226e+01,  -2.10328419e+01, 
             -8.55793005e-01,   1.15905279e+01,   5.32430761e+00,   6.32895602e+00,   3.08281481e-01, 
              5.52987950e+00,   2.10879753e+01,  -2.41256591e+01,   1.53327611e+01,  -1.60931902e+00, 
             -1.19733500e+01,  -5.25989353e+00,  -4.94751406e+00,  -1.97385195e+00,  -1.38510926e+00, 
             -2.75396786e+01,   3.13756849e+01,   1.22382042e+01,   6.07802438e+00,   9.18950792e+00, 
             -5.65298889e+00,   6.21808738e+00,   1.00452323e+01,   6.78305360e+00,  -3.57643289e+01, 
             -2.73189695e+00,  -1.90326793e+01,   1.10696123e+01,  -5.74301760e-01,   2.82141534e+00, 
             -8.24861014e+00,  -3.30035976e+00,   6.13111275e+00,   4.18855799e+00,  -2.32232227e+01, 
             -2.41765511e+01,  -5.15668662e+00,  -1.94792934e+00,   7.77234020e+00,   1.76455537e+00, 
              1.40598901e+01,   1.18125655e+01,   3.89119384e+00,  -1.11522907e+01,   1.08171826e+01, 
             -1.00455490e+01,  -5.87245197e+00,  -3.83644633e+00,  -1.07584265e+01,  -4.29077523e+00, 
              5.98489492e+00,  -4.89714720e+00,   4.23225807e+01,   2.79827041e+01,  -9.96188121e+00, 
              3.27597519e+00,   1.32515188e+01,   3.49689761e+00,  -4.35093553e+00,  -3.07355877e+00, 
              1.39702100e+01,   1.07666839e+01,  -2.34670765e+01,  -4.70513987e+00,   4.78135756e+00, 
             -4.09053171e+00,  -2.50823589e+00,   2.46212888e+00,   1.48657170e+00,   1.82862056e+00, 
              6.61801979e+01,   1.15003585e+01,   6.32241820e+00,  -4.97172696e+00,   3.93875442e+00, 
              8.59714697e+00,  -9.61799812e+00,  -8.05222073e-01,  -2.23456898e+01,  -2.60918425e+01, 
             -1.78207632e+01,  -2.01334020e+00,   9.60159871e+00,   4.00236683e+00,   5.23720068e+00, 
              1.10479961e+01,  -1.51757668e+01,   8.77955013e+00,  -2.88704466e+01,   2.25528985e+01, 
              4.19295947e+00,  -2.59153241e+00,  -6.74224766e+00,   5.60512287e+00,  -6.81914370e+00, 
              1.80475200e+00,   6.12659444e+00,  -1.91727359e+01,   2.36518912e+01,   9.24988987e+00, 
              2.18029896e+00,  -2.37670823e+00,  -4.41605910e+00,  -3.28788820e+00,   1.47406408e+01, 
             -1.34258800e+00,  -1.62287638e+01,  -8.83714039e+00,   4.27734283e+00,   7.99046955e+00, 
              9.83073310e+00,   3.15223351e+00,  -7.81295412e+00,   1.19076131e+01,   1.03189427e+01, 
             -1.50667322e+01,   1.77947650e+00,  -7.50730551e+00,   6.18621560e-01,   1.24469640e+00, 
             -8.94623861e-01,   7.61814830e+00,  -1.93222329e+00,   5.04370748e+00,   4.27066939e+01, 
              3.85706350e+01,   1.91441629e-01,   6.88565050e+00,   7.16309993e+00,  -1.40526340e+00, 
             -5.24917647e+00,   5.80693589e+00,   1.29776688e+01,   6.62403561e+01,   6.60567189e-01, 
             -5.36799513e-02,  -4.47553409e+00,   3.43115719e+00,   1.62201959e+01,  -2.08472016e+00, 
             -1.11680699e+01,   2.12964756e+00,   2.11991138e+01,   1.27373698e-01,  -1.19716403e+01, 
             -4.37275241e+00,   1.09334802e+00,  -1.29705404e+00,   1.14153354e+01,   1.02688094e+01, 
              3.69206236e+01,   1.33861145e+01,   1.82469718e+01,  -3.97895800e+00,   1.38916521e+01, 
              1.06075361e+01,   3.43134232e+00,  -5.72754964e+00,  -5.21030714e+00,   2.31419008e+01, 
              4.07014289e+01,   5.39554256e+01,  -1.78674572e+01,   3.35886424e+00,   6.03557630e-01, 
              6.12078288e+00,   2.47835130e+00,   3.32978095e+00 ]
         </p>
         <m shape='(3)'> [   2.91651223e+04,   1.83736223e+03,   1.83736223e+03 ] </m>
         <names shape='(3)'> [ O, H, H ] </names>
      </beads>
      <motion mode='dynamics'>
         <dynamics mode='mts'>
            <timestep>  4.13413730e+01</timestep>
            <nmts shape='(2)'> [ 1, 4 ] </nmts>
            <thermostat mode='pile_l'>
               <tau>  4.13413730e+03</tau>
               <ethermo> -1.06370253e-01</ethermo>
               <pile_lambda>  1.00000000e-01</pile_lambda>
            </thermostat>
         </dynamics>
         <fixcom>False</fixcom>
      </motion>
      <forces>
         <force nbeads='1' forcefield='cp2k'>
            <mts_weights shape='(2)'> [   1.00000000e+00,   0.00000000e+00 ] </mts_weights>
         </force>
         <force nbeads='32' forcefield='qt32'>
            <mts_weights shape='(2)'> [   0.00000000e+00,   1.00000000e+00 ] </mts_weights>
         </force>
         <force nbeads='1' forcefield='qt01'>
            <mts_weights shape='(2)'> [  -1.00000000e+00,   0.00000000e+00 ] </mts_weights>
         </force>
      </forces>
      <ensemble>
         <temperature>  9.50044560e-04</temperature>
      </ensemble>
   </system>
</simulation>
