 1.00000000e-02 0.00000000e+00
3.00000000e-02 0.00000000e+00
5.00000000e-02 0.00000000e+00
7.00000000e-02 0.00000000e+00
9.00000000e-02 0.00000000e+00
1.10000000e-01 0.00000000e+00
1.30000000e-01 0.00000000e+00
1.50000000e-01 0.00000000e+00
1.70000000e-01 0.00000000e+00
1.90000000e-01 0.00000000e+00
2.10000000e-01 0.00000000e+00
2.30000000e-01 0.00000000e+00
2.50000000e-01 0.00000000e+00
2.70000000e-01 0.00000000e+00
2.90000000e-01 0.00000000e+00
3.10000000e-01 0.00000000e+00
3.30000000e-01 0.00000000e+00
3.50000000e-01 0.00000000e+00
3.70000000e-01 0.00000000e+00
3.90000000e-01 0.00000000e+00
4.10000000e-01 0.00000000e+00
4.30000000e-01 0.00000000e+00
4.50000000e-01 0.00000000e+00
4.70000000e-01 0.00000000e+00
4.90000000e-01 0.00000000e+00
5.10000000e-01 0.00000000e+00
5.30000000e-01 0.00000000e+00
5.50000000e-01 0.00000000e+00
5.70000000e-01 0.00000000e+00
5.90000000e-01 0.00000000e+00
6.10000000e-01 0.00000000e+00
6.30000000e-01 0.00000000e+00
6.50000000e-01 0.00000000e+00
6.70000000e-01 0.00000000e+00
6.90000000e-01 0.00000000e+00
7.10000000e-01 0.00000000e+00
7.30000000e-01 0.00000000e+00
7.50000000e-01 0.00000000e+00
7.70000000e-01 0.00000000e+00
7.90000000e-01 0.00000000e+00
8.10000000e-01 0.00000000e+00
8.30000000e-01 0.00000000e+00
8.50000000e-01 0.00000000e+00
8.70000000e-01 0.00000000e+00
8.90000000e-01 0.00000000e+00
9.10000000e-01 0.00000000e+00
9.30000000e-01 0.00000000e+00
9.50000000e-01 0.00000000e+00
9.70000000e-01 0.00000000e+00
9.90000000e-01 0.00000000e+00
1.01000000e+00 0.00000000e+00
1.03000000e+00 0.00000000e+00
1.05000000e+00 0.00000000e+00
1.07000000e+00 0.00000000e+00
1.09000000e+00 0.00000000e+00
1.11000000e+00 0.00000000e+00
1.13000000e+00 0.00000000e+00
1.15000000e+00 0.00000000e+00
1.17000000e+00 0.00000000e+00
1.19000000e+00 0.00000000e+00
1.21000000e+00 0.00000000e+00
1.23000000e+00 0.00000000e+00
1.25000000e+00 0.00000000e+00
1.27000000e+00 0.00000000e+00
1.29000000e+00 0.00000000e+00
1.31000000e+00 0.00000000e+00
1.33000000e+00 0.00000000e+00
1.35000000e+00 0.00000000e+00
1.37000000e+00 0.00000000e+00
1.39000000e+00 0.00000000e+00
1.41000000e+00 0.00000000e+00
1.43000000e+00 0.00000000e+00
1.45000000e+00 0.00000000e+00
1.47000000e+00 0.00000000e+00
1.49000000e+00 0.00000000e+00
1.51000000e+00 0.00000000e+00
1.53000000e+00 0.00000000e+00
1.55000000e+00 0.00000000e+00
1.57000000e+00 0.00000000e+00
1.59000000e+00 0.00000000e+00
1.61000000e+00 0.00000000e+00
1.63000000e+00 0.00000000e+00
1.65000000e+00 0.00000000e+00
1.67000000e+00 0.00000000e+00
1.69000000e+00 0.00000000e+00
1.71000000e+00 0.00000000e+00
1.73000000e+00 0.00000000e+00
1.75000000e+00 0.00000000e+00
1.77000000e+00 0.00000000e+00
1.79000000e+00 0.00000000e+00
1.81000000e+00 0.00000000e+00
1.83000000e+00 0.00000000e+00
1.85000000e+00 0.00000000e+00
1.87000000e+00 0.00000000e+00
1.89000000e+00 0.00000000e+00
1.91000000e+00 0.00000000e+00
1.93000000e+00 0.00000000e+00
1.95000000e+00 0.00000000e+00
1.97000000e+00 0.00000000e+00
1.99000000e+00 0.00000000e+00
2.01000000e+00 0.00000000e+00
2.03000000e+00 0.00000000e+00
2.05000000e+00 0.00000000e+00
2.07000000e+00 0.00000000e+00
2.09000000e+00 0.00000000e+00
2.11000000e+00 0.00000000e+00
2.13000000e+00 0.00000000e+00
2.15000000e+00 0.00000000e+00
2.17000000e+00 0.00000000e+00
2.19000000e+00 0.00000000e+00
2.21000000e+00 0.00000000e+00
2.23000000e+00 0.00000000e+00
2.25000000e+00 0.00000000e+00
2.27000000e+00 0.00000000e+00
2.29000000e+00 0.00000000e+00
2.31000000e+00 0.00000000e+00
2.33000000e+00 0.00000000e+00
2.35000000e+00 0.00000000e+00
2.37000000e+00 0.00000000e+00
2.39000000e+00 2.27647405e-08
2.41000000e+00 6.90816684e-06
2.43000000e+00 3.94570806e-05
2.45000000e+00 1.01692382e-04
2.47000000e+00 2.68232761e-04
2.49000000e+00 7.32803610e-04
2.51000000e+00 1.86135355e-03
2.53000000e+00 4.39144345e-03
2.55000000e+00 9.43010034e-03
2.57000000e+00 1.85705907e-02
2.59000000e+00 3.39935756e-02
2.61000000e+00 5.80313037e-02
2.63000000e+00 9.39727774e-02
2.65000000e+00 1.45565424e-01
2.67000000e+00 2.14084346e-01
2.69000000e+00 2.99422660e-01
2.71000000e+00 4.04035821e-01
2.73000000e+00 5.29049443e-01
2.75000000e+00 6.72029535e-01
2.77000000e+00 8.28904013e-01
2.79000000e+00 9.93807899e-01
2.81000000e+00 1.16273662e+00
2.83000000e+00 1.32866983e+00
2.85000000e+00 1.48357510e+00
2.87000000e+00 1.62812346e+00
2.89000000e+00 1.76100134e+00
2.91000000e+00 1.87424961e+00
2.93000000e+00 1.96850071e+00
2.95000000e+00 2.04988588e+00
2.97000000e+00 2.11328726e+00
2.99000000e+00 2.15280720e+00
3.01000000e+00 2.17563651e+00
3.03000000e+00 2.18755127e+00
3.05000000e+00 2.18737967e+00
3.07000000e+00 2.17446928e+00
3.09000000e+00 2.15072592e+00
3.11000000e+00 2.12252674e+00
3.13000000e+00 2.09372874e+00
3.15000000e+00 2.06261988e+00
3.17000000e+00 2.02717444e+00
3.19000000e+00 1.99029047e+00
3.21000000e+00 1.95511952e+00
3.23000000e+00 1.91880619e+00
3.25000000e+00 1.88113181e+00
3.27000000e+00 1.84308041e+00
3.29000000e+00 1.80107943e+00
3.31000000e+00 1.75722089e+00
3.33000000e+00 1.71591222e+00
3.35000000e+00 1.67531444e+00
3.37000000e+00 1.63751132e+00
3.39000000e+00 1.60233394e+00
3.41000000e+00 1.56385421e+00
3.43000000e+00 1.52553973e+00
3.45000000e+00 1.49110212e+00
3.47000000e+00 1.45915184e+00
3.49000000e+00 1.43084802e+00
3.51000000e+00 1.40376321e+00
3.53000000e+00 1.37614247e+00
3.55000000e+00 1.34918243e+00
3.57000000e+00 1.32135559e+00
3.59000000e+00 1.29481507e+00
3.61000000e+00 1.27248844e+00
3.63000000e+00 1.25101645e+00
3.65000000e+00 1.22725206e+00
3.67000000e+00 1.20282902e+00
3.69000000e+00 1.18106374e+00
3.71000000e+00 1.16288677e+00
3.73000000e+00 1.14609736e+00
3.75000000e+00 1.13104745e+00
3.77000000e+00 1.11745974e+00
3.79000000e+00 1.10181696e+00
3.81000000e+00 1.08719940e+00
3.83000000e+00 1.07663089e+00
3.85000000e+00 1.06665890e+00
3.87000000e+00 1.05463682e+00
3.89000000e+00 1.04239808e+00
3.91000000e+00 1.03289766e+00
3.93000000e+00 1.02301623e+00
3.95000000e+00 1.01141853e+00
3.97000000e+00 1.00280980e+00
3.99000000e+00 9.96374947e-01
4.01000000e+00 9.88794416e-01
4.03000000e+00 9.81790245e-01
4.05000000e+00 9.75579275e-01
4.07000000e+00 9.67977024e-01
4.09000000e+00 9.59574190e-01
4.11000000e+00 9.50739289e-01
4.13000000e+00 9.43416331e-01
4.15000000e+00 9.38316556e-01
4.17000000e+00 9.32305090e-01
4.19000000e+00 9.25627047e-01
4.21000000e+00 9.19335211e-01
4.23000000e+00 9.15050670e-01
4.25000000e+00 9.12174218e-01
4.27000000e+00 9.06949086e-01
4.29000000e+00 9.01290562e-01
4.31000000e+00 8.97481424e-01
4.33000000e+00 8.93931695e-01
4.35000000e+00 8.89920252e-01
4.37000000e+00 8.85368939e-01
4.39000000e+00 8.80078917e-01
4.41000000e+00 8.74442044e-01
4.43000000e+00 8.70924704e-01
4.45000000e+00 8.71532869e-01
4.47000000e+00 8.73329420e-01
4.49000000e+00 8.72906657e-01
4.51000000e+00 8.72081430e-01
4.53000000e+00 8.73408703e-01
4.55000000e+00 8.74772662e-01
4.57000000e+00 8.74407520e-01
4.59000000e+00 8.74964620e-01
4.61000000e+00 8.78086531e-01
4.63000000e+00 8.81387545e-01
4.65000000e+00 8.83684860e-01
4.67000000e+00 8.86233950e-01
4.69000000e+00 8.88907984e-01
4.71000000e+00 8.91423843e-01
4.73000000e+00 8.93247486e-01
4.75000000e+00 8.93591108e-01
4.77000000e+00 8.92923224e-01
4.79000000e+00 8.92162972e-01
4.81000000e+00 8.91809635e-01
4.83000000e+00 8.91291001e-01
4.85000000e+00 8.91645667e-01
4.87000000e+00 8.95020850e-01
4.89000000e+00 8.98671663e-01
4.91000000e+00 9.00940568e-01
4.93000000e+00 9.04801040e-01
4.95000000e+00 9.09194943e-01
4.97000000e+00 9.11184365e-01
4.99000000e+00 9.11754808e-01
