<simulation verbosity='medium'>
   <step>250000</step>
   <total_steps>250000</total_steps>
   <output prefix=''>
      <properties stride='20' shape='(7)' filename='example.out'>
       [ step, time{picosecond}, conserved{kelvin}, temperature{kelvin}, kinetic_cv{kelvin}, 
         potential{kelvin}, pressure_cv{megapascal} ]
      </properties>
      <trajectory filename='example.pos' stride='20' cell_units='angstrom'>positions{angstrom}</trajectory>
      <trajectory filename='example.xc' stride='20' cell_units='angstrom'>x_centroid{angstrom}</trajectory>
   </output>
   <prng>
      <set_pos>144</set_pos>
      <state shape='(624)'>
       [ 619901118, 1945699157, 2100367048, 1474056410, 2728540454, 
         3079223039, 4219665968, 1895520643, 3568937079, 2247467981, 
         2736074462, 1633741094, 1408932521, 4155787371, 2682134927, 
         645579712, 2118307462, 4229883921, 389566125, 3698582430, 
         3560122833, 1856994939, 3156463828, 2979874619, 2918917220, 
         2334347345, 176808391, 1663631404, 3180077890, 191155271, 
         4080733288, 178221008, 2529320429, 3630353695, 1509783716, 
         1860228970, 2570286170, 1055753866, 512492576, 2628032462, 
         2022236109, 2439021321, 2600895488, 3765795902, 388490109, 
         3731601386, 3136607064, 573732003, 2207869694, 1246743671, 
         4150055400, 1840284326, 1087051115, 2041781603, 2770366915, 
         2913708901, 1169853994, 1782953595, 1079364256, 4199502259, 
         3044457092, 494155007, 3870920049, 2192009491, 2392219196, 
         1402005699, 2829363654, 442310687, 449285080, 3065442305, 
         3087724540, 1281019794, 756729138, 2506682006, 337055759, 
         3587244787, 1982951046, 2597569676, 3737713354, 3476660558, 
         184407282, 3667813261, 3872796138, 4121446710, 676468072, 
         69196614, 1840325204, 359430087, 71628795, 1745039732, 
         3892854736, 4274757646, 1366399494, 2206108399, 1414563035, 
         2230661450, 2679635514, 1924225033, 157961277, 4162632139, 
         67654344, 67992847, 2803702170, 3618623656, 227839597, 
         1169412325, 3900597920, 3035999030, 2043612603, 3978406808, 
         7455578, 3345852693, 431842258, 2857823972, 1573825976, 
         787521236, 1071634964, 4126270547, 1046277293, 3690787432, 
         2050387463, 855620342, 4159879058, 3936402358, 2217894347, 
         1180815893, 3700015206, 2989555342, 4193286426, 186127408, 
         3911039565, 2413099704, 2483529470, 3308419378, 1185162400, 
         4187473068, 3843497686, 1180048165, 371011971, 3347480250, 
         3099427224, 1129522020, 2172043967, 1761603947, 3655147465, 
         1780846892, 111088982, 944372317, 3211528330, 3435443169, 
         1906663851, 3016676069, 2232504119, 3363028653, 34551452, 
         3313038187, 1593770830, 2758584143, 2227660825, 2897016299, 
         4288681998, 1891599061, 3535847935, 2512605761, 67835675, 
         3140185016, 1739776399, 2490645008, 3812147329, 1367994102, 
         2503156374, 1910580931, 2676076516, 1990963897, 2953907736, 
         4269566523, 3020182259, 1842551095, 1619718424, 666208837, 
         3009730002, 260158524, 925834172, 2990884946, 3791013088, 
         100426720, 3623903983, 3318244345, 2171407323, 4058747522, 
         621226196, 3230208566, 2457660497, 2100644773, 2552682984, 
         1794244935, 2760131287, 234920567, 1537459272, 3081754328, 
         3280348409, 419578225, 3025047931, 2350148588, 2839389827, 
         4189379974, 1903108119, 2441702650, 1059936804, 3073383359, 
         1905480096, 1639719923, 4172563899, 453899826, 504573621, 
         658155688, 230572360, 2274770164, 3965900954, 853610153, 
         50742735, 1696958010, 972447332, 2455994619, 58171509, 
         2696622138, 3402646515, 1688240534, 3837540028, 2106828584, 
         3496944462, 386171454, 1785625554, 3065651811, 1169444875, 
         2574723299, 1370633519, 2419659822, 1471313228, 3196793854, 
         1404897779, 3743787737, 3984091756, 2643628896, 3898911993, 
         2314309771, 3913440883, 1789777705, 1897965645, 2174036369, 
         3083607958, 12282217, 3863524286, 485986805, 2961437835, 
         1950614892, 2982671376, 2551392389, 25343784, 466642677, 
         3717903490, 50942370, 4160772224, 288425023, 3056499030, 
         3787045478, 230659061, 2568801136, 1945526366, 4282448328, 
         2457557455, 3725490408, 1625746775, 1517862356, 3589746612, 
         3056142906, 4035963007, 578112204, 2530254995, 3764340430, 
         4009869309, 1069317346, 1713562785, 1092756248, 2785365928, 
         757774894, 1894458159, 3837886699, 4017506715, 3441580150, 
         3515222082, 46181168, 821046988, 2553485908, 1801246276, 
         3222702195, 1861056169, 3462360209, 262046100, 2519419922, 
         1694490043, 2160222172, 2176840141, 3428006110, 3637169809, 
         671919173, 1063258592, 1136245212, 459896252, 4167189338, 
         1522752351, 3349635911, 3116083958, 4219695269, 2211952498, 
         2461244607, 3130620638, 1738375007, 2517687020, 3683748453, 
         964903967, 1469319711, 3923595992, 1609087796, 2039936362, 
         3167729282, 2223664356, 3355223179, 1912748261, 504040062, 
         3622413591, 3042442609, 1058973720, 65393188, 3830101022, 
         362659946, 2347286019, 1324676039, 174221917, 1238754750, 
         220207694, 1985704116, 571518742, 3695418432, 3162121084, 
         2470005835, 685960664, 374757968, 2713314948, 2223106903, 
         512418052, 3497066843, 2480754320, 1400654105, 3429887581, 
         3146497820, 3570913818, 3222001045, 144498814, 3616776159, 
         3922852067, 774480464, 2901126179, 134219888, 760483955, 
         987630767, 995185502, 3609575384, 2091594810, 3206186972, 
         368447258, 485566500, 4046098176, 1744314788, 495790058, 
         2065957897, 2462493445, 2432907179, 4060670591, 2228061923, 
         1305036196, 783272265, 4120739652, 1141702294, 2226343231, 
         997944185, 1198869733, 1930649256, 3694902387, 3629571523, 
         1601354077, 3270102146, 1966821345, 2867860992, 2142526284, 
         3824666870, 3148488339, 2624744645, 388981661, 1392072316, 
         2635304581, 4083911998, 1263230526, 149459924, 3035238055, 
         3008273976, 2346142750, 2739880577, 3317654108, 3233268513, 
         3499799376, 3612685224, 3211105958, 1295463742, 3663782104, 
         4176224267, 3947185144, 2401321042, 4207472158, 892084033, 
         3161785840, 602006577, 1975656176, 3639633019, 3891284333, 
         3015539365, 3840304977, 1921102309, 105852928, 2720577142, 
         3012878418, 3463359000, 2530858317, 398695751, 44026876, 
         3449723546, 65019820, 3549069038, 2014512341, 3155702378, 
         3440558922, 3962893674, 532961154, 3043118231, 3891928836, 
         3253491361, 71814401, 2140838719, 3916769754, 883223896, 
         779366187, 267255270, 2886776272, 777236888, 1365916499, 
         1591072419, 3849951728, 1242718103, 1162007961, 4070643609, 
         709547146, 3870688852, 349931489, 2898244684, 2946704831, 
         2367363929, 2955862886, 2497206366, 3155677254, 848190609, 
         836428193, 3454092312, 493738765, 2967017370, 2027859388, 
         545846720, 1177383666, 2435287708, 1829560708, 1464475790, 
         2488163803, 2783669374, 2868772804, 3031778514, 1695838725, 
         1806800788, 486452168, 3462300321, 1530055306, 1242799953, 
         1321361824, 3693513821, 3844561931, 2418516515, 1499362213, 
         278685155, 439983528, 2279441650, 1812909983, 3859211655, 
         3152853324, 3633649252, 1986041675, 1927673726, 2805340601, 
         155335485, 3994929207, 1227252283, 3866915296, 3765974723, 
         1289398058, 2349245883, 378387197, 1135348347, 1761926984, 
         1823672290, 2000733699, 679775281, 179932313, 2266118534, 
         2780627785, 3048505689, 1571725949, 3735482664, 2318364674, 
         1127070782, 4105133186, 980499225, 2288086072, 523383717, 
         3814329057, 1396171686, 928435234, 166922828, 3660059071, 
         3921939368, 3897565988, 1694605857, 4076823486, 754491820, 
         4075908977, 2727346745, 782526690, 2989819716, 1226702327, 
         3900625815, 46951499, 1353199647, 947041123, 4173844455, 
         3998993355, 2085250211, 2055042374, 1665161870, 3686674387, 
         3517886186, 3394075427, 750636755, 3621969333, 471044959, 
         3562774761, 3787774412, 1668011099, 1457540476, 407151164, 
         102787400, 57650929, 3698248495, 2387650634, 3143032718, 
         2990046519, 2720497871, 193124960, 1159971452, 2657502048, 
         2483011764, 1474753818, 1137055575, 3379936961, 73988964, 
         1892577484, 3180486262, 3029561455, 1724024413, 1950028888, 
         1689213869, 2692281719, 336228895, 2737052991, 2971005976, 
         2998325717, 484060724, 1475468641, 2920425880, 874123341, 
         757152116, 426049038, 4248046423, 2500947918, 4134913344, 
         1236992870, 1694677046, 1537636918, 3323228240, 728397108, 
         1354356663, 3858305120, 2064216881, 487875863, 4104576859, 
         129392960, 3504217676, 1842198651, 3539224636, 3613271954, 
         229839043, 397663231, 710882672, 612742374, 851715663, 
         3554660957, 170422957, 3577994727, 2849203916 ]
      </state>
      <seed>12345</seed>
   </prng>
   <ffsocket mode='unix' name='force-provider'>
      <address>ex2-3</address>
   </ffsocket>
   <system>
      <cell shape='(3, 3)'>
       [   1.98402400e+01,   1.21486432e-15,   1.21486432e-15,   0.00000000e+00,   1.98402400e+01, 
           1.21486432e-15,   0.00000000e+00,   0.00000000e+00,   1.98402400e+01 ]
      </cell>
      <beads natoms='96' nbeads='6'>
         <q shape='(6, 288)'>
          [   7.63535265e+00,  -4.19073285e+01,  -2.65902283e+01,   8.10398336e+00,  -4.18483518e+01, 
             -2.49900527e+01,   5.73397125e+00,  -4.20683218e+01,  -2.67075073e+01,  -2.51462473e+01, 
              3.90534321e+00,   3.32913179e+00,  -2.43415221e+01,   3.76429716e+00,   1.50073096e+00, 
             -2.53123441e+01,   5.73603465e+00,   3.88665163e+00,  -7.88161366e+00,  -2.39766304e+01, 
              1.73602419e+01,  -6.88596283e+00,  -2.27591435e+01,   1.65447178e+01,  -6.91479350e+00, 
             -2.55102462e+01,   1.70964408e+01,  -3.34520921e+01,  -3.45759305e+00,   1.91912038e+01, 
             -3.26666618e+01,  -1.90593897e+00,   1.93457733e+01,  -3.48901466e+01,  -3.10550023e+00, 
              1.86211177e+01,  -1.07019216e+01,   4.10891167e+01,  -2.73530130e+00,  -1.10591203e+01, 
              4.20582168e+01,  -4.17435294e+00,  -8.88494665e+00,   4.12329672e+01,  -2.66849857e+00, 
              1.04450032e+01,   3.04305571e+01,   1.36785772e+01,   9.55707430e+00,   3.03033041e+01, 
              1.22686121e+01,   1.21757170e+01,   3.03020819e+01,   1.34034578e+01,   1.49169652e+01, 
              4.70192743e+01,  -2.45979716e+01,   1.60807848e+01,   4.73171308e+01,  -2.59646253e+01, 
              1.40381255e+01,   4.57429991e+01,  -2.54404765e+01,  -2.53360602e+01,  -1.94274302e+01, 
             -5.84155279e+00,  -2.40100304e+01,  -1.91339014e+01,  -6.89903686e+00,  -2.62861509e+01, 
             -2.05836857e+01,  -6.79845257e+00,  -1.22595989e+01,  -8.65061129e+00,   2.82826895e+01, 
             -1.17200339e+01,  -1.03240170e+01,   2.83076294e+01,  -1.12207011e+01,  -7.61982550e+00, 
              2.73928185e+01,   1.64609803e+00,   1.80306591e+01,   2.30914671e+01,   8.07754536e-01, 
              1.93124633e+01,   2.39876429e+01,   3.37331576e+00,   1.84236802e+01,   2.30682957e+01, 
              2.57969137e+01,  -1.94376272e+01,   4.45122628e+01,   2.59090924e+01,  -1.76281433e+01, 
              4.43247672e+01,   2.67567606e+01,  -1.95559361e+01,   4.59958284e+01,  -5.63827534e+00, 
             -4.23972335e+01,   5.50504461e+00,  -5.77455288e+00,  -4.06524274e+01,   4.75939128e+00, 
             -7.29963875e+00,  -4.29186064e+01,   5.83881046e+00,   2.29384712e+01,   3.24508721e+00, 
             -1.09782670e+00,   2.13811043e+01,   2.96422036e+00,  -2.52747153e-01,   2.44277500e+01, 
              4.01598273e+00,  -3.38889648e-01,  -2.08522339e+01,   2.75976506e+01,   1.09608554e+01, 
             -2.21987568e+01,   2.82694525e+01,   9.84324724e+00,  -2.00737838e+01,   2.91059412e+01, 
              1.13671698e+01,   1.84780054e+01,   1.73999405e+01,   9.05476471e+00,   1.68385322e+01, 
              1.72017043e+01,   8.71574670e+00,   1.95684103e+01,   1.60071377e+01,   8.68708960e+00, 
              2.45687533e+00,  -5.77486874e+00,   6.61796510e+00,   2.05127538e+00,  -4.70776463e+00, 
              5.10610395e+00,   3.32827403e+00,  -7.36145736e+00,   6.03955208e+00,   3.59351334e+01, 
              2.91433635e+01,  -6.40160469e-02,   3.75414930e+01,   2.97827919e+01,  -1.94417093e-01, 
              3.55957844e+01,   2.85567434e+01,  -1.78512134e+00,   8.45209377e+00,   4.92727821e+00, 
              2.18953745e+01,   8.49752647e+00,   3.88629214e+00,   2.04367625e+01,   9.97547176e+00, 
              4.97722060e+00,   2.27786943e+01,   4.55661424e+00,   7.24375630e+00,  -5.54834293e+00, 
              4.95323904e+00,   8.64745435e+00,  -4.67389937e+00,   3.64176124e+00,   6.45623548e+00, 
             -4.38371210e+00,   3.99874286e+01,  -2.58589075e+01,  -2.28849405e+00,   3.97299021e+01, 
             -2.44297366e+01,  -1.32341875e+00,   4.02854833e+01,  -2.52760039e+01,  -4.12177575e+00, 
             -3.02978661e+01,   4.65717737e+00,  -8.22429650e+00,  -3.17682839e+01,   5.05236838e+00, 
             -7.46665329e+00,  -3.09450981e+01,   3.42513678e+00,  -9.21212548e+00,   3.06132075e+01, 
              1.36496826e+00,  -1.24315379e+01,   3.03100140e+01,   2.00086385e+00,  -1.40537581e+01, 
              3.20904806e+01,   1.90299225e+00,  -1.22904946e+01,   4.20651167e+01,   1.23042489e+01, 
             -7.01613665e+00,   4.23816912e+01,   1.28256529e+01,  -8.61763356e+00,   4.34669298e+01, 
              1.12597609e+01,  -6.29323289e+00,   1.99088806e+01,  -4.12761432e-01,   1.49124722e+01, 
              1.90737313e+01,  -7.37166317e-01,   1.33853489e+01,   2.13314054e+01,   5.49238493e-01, 
              1.43554263e+01,   1.17409059e+01,   3.46340935e+01,  -9.53077113e+00,   1.02699136e+01, 
              3.58678633e+01,  -9.12394580e+00,   1.14464434e+01,   3.31932609e+01,  -8.18931857e+00, 
             -1.01727847e+01,  -6.72861288e+00,  -1.71170186e+01,  -9.38338607e+00,  -7.49507798e+00, 
             -1.86921509e+01,  -1.07133916e+01,  -5.13708945e+00,  -1.75796570e+01,  -2.23151609e+00, 
              2.29715314e+01,   2.88873066e+01,  -1.45293948e+00,   2.43501000e+01,   2.95284376e+01, 
             -1.05591770e+00,   2.16407544e+01,   2.85478501e+01,   3.37050038e+01,   2.94282305e+01, 
             -1.37437394e+01,   3.25500134e+01,   3.07030233e+01,  -1.36389053e+01,   3.50526091e+01, 
              3.02778152e+01,  -1.47814164e+01,   5.90184785e+00,   1.12793926e+01,  -2.71772680e+00, 
              5.91668439e+00,   1.30442413e+01,  -2.09982596e+00,   7.72162492e+00,   1.09335311e+01, 
             -3.40132593e+00,  -1.56678376e+01,  -9.65256904e+00,   2.26807532e+01,  -1.69709837e+01, 
             -8.73250817e+00,   2.17611518e+01,  -1.40567459e+01,  -9.24452346e+00,   2.28488413e+01, 
              6.38885572e+01,   2.49099433e+01,  -1.12633647e+01,   6.31789248e+01,   2.61507807e+01, 
             -1.00290666e+01,   6.37902345e+01,   2.51783490e+01,  -1.31272270e+01,   1.65858329e+01, 
             -1.60172150e+01,   3.86281470e+01,   1.70615965e+01,  -1.45879641e+01,   3.73648026e+01, 
              1.58431386e+01,  -1.73320113e+01,   3.77094671e+01,   7.52616158e+00,  -4.19292493e+01, 
             -2.66113600e+01,   7.79342221e+00,  -4.18903998e+01,  -2.48240313e+01,   5.77819073e+00, 
             -4.22199431e+01,  -2.65987604e+01,  -2.52575465e+01,   4.00590520e+00,   3.35383778e+00, 
             -2.44064950e+01,   4.16476579e+00,   1.68506604e+00,  -2.54604327e+01,   5.68677569e+00, 
              3.95565420e+00,  -7.90348691e+00,  -2.40070011e+01,   1.74152538e+01,  -7.37241787e+00, 
             -2.29884632e+01,   1.60343307e+01,  -6.79896732e+00,  -2.54883990e+01,   1.77105885e+01, 
             -3.34758290e+01,  -3.44557111e+00,   1.92721377e+01,  -3.23208725e+01,  -2.17992673e+00, 
              1.90701383e+01,  -3.51424432e+01,  -3.14137057e+00,   1.87039876e+01,  -1.06469388e+01, 
              4.11548394e+01,  -2.80412071e+00,  -1.12107480e+01,   4.20176102e+01,  -4.32643694e+00, 
             -8.75335704e+00,   4.13054896e+01,  -2.72839368e+00,   1.03783801e+01,   3.04150236e+01, 
              1.37194265e+01,   9.48408935e+00,   3.01220726e+01,   1.21873160e+01,   1.21747847e+01, 
              2.98321308e+01,   1.36316287e+01,   1.48693085e+01,   4.70683457e+01,  -2.46167531e+01, 
              1.61741076e+01,   4.73848520e+01,  -2.59431004e+01,   1.40059465e+01,   4.54191000e+01, 
             -2.53457123e+01,  -2.52607948e+01,  -1.95258647e+01,  -5.82690938e+00,  -2.39057865e+01, 
             -1.91961575e+01,  -6.91087161e+00,  -2.65191815e+01,  -2.06292418e+01,  -6.91794704e+00, 
             -1.22367785e+01,  -8.61838176e+00,   2.84386133e+01,  -1.21677036e+01,  -1.01631407e+01, 
              2.82737308e+01,  -1.14435144e+01,  -7.71447730e+00,   2.73590027e+01,   1.56021394e+00, 
              1.80017212e+01,   2.31011547e+01,   9.46264173e-01,   1.90462469e+01,   2.43640577e+01, 
              3.26608021e+00,   1.84790579e+01,   2.31490429e+01,   2.58456727e+01,  -1.95322840e+01, 
              4.46403611e+01,   2.57930216e+01,  -1.75969718e+01,   4.37824497e+01,   2.64661132e+01, 
             -1.88706710e+01,   4.62753009e+01,  -5.67637771e+00,  -4.24396225e+01,   5.44872532e+00, 
             -5.80898020e+00,  -4.06518169e+01,   4.70867449e+00,  -7.18025243e+00,  -4.29273896e+01, 
              5.87231867e+00,   2.28436869e+01,   3.23674155e+00,  -1.12888436e+00,   2.13612230e+01, 
              3.24236417e+00,  -1.31575175e-01,   2.42150434e+01,   3.78517025e+00,  -1.13120612e-01, 
             -2.08860424e+01,   2.77863552e+01,   1.09441759e+01,  -2.26523760e+01,   2.82354845e+01, 
              1.03004994e+01,  -1.98356115e+01,   2.93086420e+01,   1.10871638e+01,   1.84027922e+01, 
              1.74277403e+01,   9.13696867e+00,   1.67782955e+01,   1.75138181e+01,   8.48322224e+00, 
              1.93854494e+01,   1.58978711e+01,   8.98317616e+00,   2.48146960e+00,  -5.78448482e+00, 
              6.61680891e+00,   2.48181826e+00,  -4.75441043e+00,   5.14221857e+00,   2.74463736e+00, 
             -7.51809607e+00,   6.03369559e+00,   3.58338379e+01,   2.90810357e+01,  -7.13244593e-02, 
              3.75145528e+01,   3.00503567e+01,  -2.13149981e-01,   3.55680550e+01,   2.88402252e+01, 
             -1.79778464e+00,   8.51143091e+00,   4.87251299e+00,   2.19784336e+01,   8.79473392e+00, 
              4.02424858e+00,   2.04673217e+01,   9.94043623e+00,   4.80472870e+00,   2.30911237e+01, 
              4.75925850e+00,   7.21481244e+00,  -5.46085917e+00,   5.07542365e+00,   8.49518052e+00, 
             -4.57682743e+00,   3.74303454e+00,   6.53307912e+00,  -4.37271790e+00,   3.99779945e+01, 
             -2.58558629e+01,  -2.35916060e+00,   3.97207895e+01,  -2.41087560e+01,  -1.68754420e+00, 
              4.06240875e+01,  -2.56855419e+01,  -4.11365283e+00,  -3.03479736e+01,   4.68527569e+00, 
             -8.27858371e+00,  -3.17175354e+01,   5.04557656e+00,  -7.35013755e+00,  -3.11954385e+01, 
              3.53427485e+00,  -9.44730059e+00,   3.06155887e+01,   1.29876021e+00,  -1.24192578e+01, 
              3.05235165e+01,   1.83818611e+00,  -1.42322452e+01,   3.23543564e+01,   2.00496874e+00, 
             -1.20243422e+01,   4.20945631e+01,   1.22156952e+01,  -7.07462572e+00,   4.25516360e+01, 
              1.29388457e+01,  -8.79562331e+00,   4.37282473e+01,   1.14394256e+01,  -6.55345557e+00, 
              1.99950116e+01,  -4.17729322e-01,   1.50084934e+01,   1.89150230e+01,  -9.34934470e-01, 
              1.33849851e+01,   2.09325727e+01,   8.40519561e-01,   1.43692129e+01,   1.17334775e+01, 
              3.46006928e+01,  -9.42392182e+00,   1.02712560e+01,   3.56019941e+01,  -9.52494970e+00, 
              1.16186349e+01,   3.32354120e+01,  -8.37246083e+00,  -1.02933867e+01,  -6.74166999e+00, 
             -1.71649746e+01,  -9.58858144e+00,  -7.55621079e+00,  -1.86781286e+01,  -1.03774329e+01, 
             -5.17158576e+00,  -1.72660181e+01,  -2.36546503e+00,   2.29940877e+01,   2.87687818e+01, 
             -1.65614990e+00,   2.43785889e+01,   2.95933605e+01,  -1.14155905e+00,   2.17434355e+01, 
              2.84090933e+01,   3.37817938e+01,   2.94861312e+01,  -1.38061246e+01,   3.24202512e+01, 
              3.05113383e+01,  -1.37851313e+01,   3.50201706e+01,   3.00140316e+01,  -1.50766271e+01, 
              6.05022394e+00,   1.13534256e+01,  -2.70990530e+00,   5.41258843e+00,   1.28927921e+01, 
             -2.33093801e+00,   7.91904437e+00,   1.12621157e+01,  -3.22772848e+00,  -1.57703771e+01, 
             -9.47484729e+00,   2.26461508e+01,  -1.65878490e+01,  -9.35986767e+00,   2.11553495e+01, 
             -1.42743392e+01,  -8.82415164e+00,   2.25630321e+01,   6.38816499e+01,   2.47912442e+01, 
             -1.12862507e+01,   6.35516930e+01,   2.60786186e+01,  -1.02446472e+01,   6.36649233e+01, 
              2.51775288e+01,  -1.28699078e+01,   1.64702273e+01,  -1.61135410e+01,   3.85938079e+01, 
              1.68087785e+01,  -1.46757722e+01,   3.76243124e+01,   1.56677477e+01,  -1.73690814e+01, 
              3.77735199e+01,   7.58628850e+00,  -4.18806612e+01,  -2.66826631e+01,   7.60768539e+00, 
             -4.19439413e+01,  -2.47807892e+01,   5.83836660e+00,  -4.21120846e+01,  -2.70382287e+01, 
             -2.52799389e+01,   3.99997334e+00,   3.49329229e+00,  -2.42926318e+01,   4.44454765e+00, 
              1.84164306e+00,  -2.52833841e+01,   5.48924560e+00,   4.39984796e+00,  -7.79922042e+00, 
             -2.40606274e+01,   1.74113272e+01,  -6.99792528e+00,  -2.33984790e+01,   1.56947679e+01, 
             -6.50509359e+00,  -2.55697827e+01,   1.75491563e+01,  -3.34621340e+01,  -3.38898232e+00, 
              1.93054449e+01,  -3.24386945e+01,  -1.81461904e+00,   1.89908567e+01,  -3.51367589e+01, 
             -2.89573080e+00,   1.87584945e+01,  -1.07095467e+01,   4.12328670e+01,  -2.81490821e+00, 
             -1.06521188e+01,   4.17356060e+01,  -4.49532494e+00,  -8.94975712e+00,   4.13827996e+01, 
             -2.57224000e+00,   1.04598687e+01,   3.03183492e+01,   1.37238942e+01,   9.76982234e+00, 
              2.99872948e+01,   1.20766692e+01,   1.22470374e+01,   2.97061359e+01,   1.34365258e+01, 
              1.49239891e+01,   4.69676768e+01,  -2.47162512e+01,   1.58989621e+01,   4.72018259e+01, 
             -2.60762830e+01,   1.41870490e+01,   4.53789102e+01,  -2.49712558e+01,  -2.52288578e+01, 
             -1.93824973e+01,  -5.87767724e+00,  -2.38316784e+01,  -1.94658537e+01,  -6.84717048e+00, 
             -2.63863070e+01,  -2.05276638e+01,  -6.51447661e+00,  -1.23767098e+01,  -8.68239351e+00, 
              2.82537616e+01,  -1.18989159e+01,  -1.03951524e+01,   2.78131488e+01,  -1.14527276e+01, 
             -7.99787349e+00,   2.69158086e+01,   1.56242321e+00,   1.80213270e+01,   2.30256961e+01, 
              6.73459340e-01,   1.89434708e+01,   2.43677689e+01,   3.25507483e+00,   1.83100329e+01, 
              2.35465836e+01,   2.59502804e+01,  -1.95664762e+01,   4.45869214e+01,   2.57760798e+01, 
             -1.78715457e+01,   4.37110549e+01,   2.66036027e+01,  -1.92792800e+01,   4.62321345e+01, 
             -5.62957742e+00,  -4.23722484e+01,   5.49459987e+00,  -5.84499060e+00,  -4.08461874e+01, 
              4.54983535e+00,  -7.21443072e+00,  -4.31104952e+01,   6.01320975e+00,   2.28789509e+01, 
              3.25052232e+00,  -1.05340779e+00,   2.13113763e+01,   3.19319145e+00,  -9.75461131e-02, 
              2.43177328e+01,   3.76231429e+00,  -1.32082225e-01,  -2.09691719e+01,   2.78252769e+01, 
              1.10082947e+01,  -2.25755126e+01,   2.82598488e+01,   1.01386841e+01,  -1.97851168e+01, 
              2.92307503e+01,   1.09608897e+01,   1.83087962e+01,   1.73814452e+01,   9.09646574e+00, 
              1.66683233e+01,   1.74054776e+01,   8.53385445e+00,   1.93375720e+01,   1.59002678e+01, 
              8.70013648e+00,   2.64776755e+00,  -5.89189939e+00,   6.66570318e+00,   2.73689429e+00, 
             -4.53704337e+00,   5.43728517e+00,   2.88744546e+00,  -7.23898508e+00,   5.69968188e+00, 
              3.58970376e+01,   2.91717243e+01,   1.92201427e-02,   3.72164995e+01,   3.05295087e+01, 
             -1.43861052e-02,   3.53143119e+01,   2.88494999e+01,  -1.60448051e+00,   8.52342111e+00, 
              4.82403342e+00,   2.19148560e+01,   8.85562103e+00,   3.82979963e+00,   2.05929002e+01, 
              1.00902373e+01,   5.32184908e+00,   2.26349682e+01,   4.59308620e+00,   7.23764245e+00, 
             -5.48888296e+00,   5.27964098e+00,   8.27033414e+00,  -4.17912150e+00,   3.54689247e+00, 
              6.32060586e+00,  -4.19724252e+00,   3.98391273e+01,  -2.59042820e+01,  -2.21301147e+00, 
              3.97211347e+01,  -2.45201330e+01,  -1.27471205e+00,   4.05941716e+01,  -2.55507002e+01, 
             -3.87376824e+00,  -3.02902003e+01,   4.73584021e+00,  -8.28264135e+00,  -3.17439679e+01, 
              5.29443675e+00,  -7.31003457e+00,  -3.14402987e+01,   4.09493674e+00,  -9.81456736e+00, 
              3.06330449e+01,   1.23857064e+00,  -1.24913935e+01,   3.04024795e+01,   2.07202373e+00, 
             -1.41267870e+01,   3.24787043e+01,   1.78125241e+00,  -1.21073271e+01,   4.20702480e+01, 
              1.23797097e+01,  -7.08179283e+00,   4.23503336e+01,   1.32184721e+01,  -8.85499532e+00, 
              4.33126243e+01,   1.10539434e+01,  -6.91024147e+00,   1.99754262e+01,  -4.60236011e-01, 
              1.49580337e+01,   1.88113066e+01,  -8.32264126e-01,   1.38079702e+01,   2.12361983e+01, 
              6.83724522e-01,   1.41907019e+01,   1.18377843e+01,   3.46761519e+01,  -9.49000123e+00, 
              1.03713715e+01,   3.56758137e+01,  -9.79253613e+00,   1.17146410e+01,   3.38127508e+01, 
             -7.96293256e+00,  -1.03047898e+01,  -6.79365557e+00,  -1.71164318e+01,  -9.55271110e+00, 
             -7.57989260e+00,  -1.87628105e+01,  -1.07218595e+01,  -5.10750224e+00,  -1.73230385e+01, 
             -2.32612901e+00,   2.30355060e+01,   2.87759500e+01,  -1.18993342e+00,   2.44697334e+01, 
              2.89706918e+01,  -1.10172652e+00,   2.16310158e+01,   2.88095686e+01,   3.38012185e+01, 
              2.93373667e+01,  -1.37075295e+01,   3.25650933e+01,   3.04817507e+01,  -1.35218207e+01, 
              3.46383962e+01,   3.00847701e+01,  -1.50057211e+01,   5.86092231e+00,   1.13924339e+01, 
             -2.65602580e+00,   5.59459858e+00,   1.30679886e+01,  -2.15783874e+00,   7.68876485e+00, 
              1.14937617e+01,  -3.48610329e+00,  -1.58024323e+01,  -9.46396615e+00,   2.26610967e+01, 
             -1.65958894e+01,  -9.21874953e+00,   2.12213170e+01,  -1.41814903e+01,  -9.24247900e+00, 
              2.21733965e+01,   6.39115339e+01,   2.48864764e+01,  -1.11747181e+01,   6.34904015e+01, 
              2.61445372e+01,  -9.98572781e+00,   6.32670712e+01,   2.53542580e+01,  -1.28258116e+01, 
              1.64796815e+01,  -1.60832907e+01,   3.85831697e+01,   1.64463557e+01,  -1.44476260e+01, 
              3.79421503e+01,   1.59258270e+01,  -1.75064441e+01,   3.74401232e+01,   7.64884242e+00, 
             -4.18173351e+01,  -2.66941588e+01,   7.62169602e+00,  -4.18989244e+01,  -2.45071124e+01, 
              5.82670174e+00,  -4.19501081e+01,  -2.68959927e+01,  -2.54956440e+01,   3.92507421e+00, 
              3.39482136e+00,  -2.41713985e+01,   4.18017015e+00,   2.11748719e+00,  -2.50012032e+01, 
              5.19900899e+00,   4.41811601e+00,  -7.64610322e+00,  -2.40764709e+01,   1.74714111e+01, 
             -7.33217486e+00,  -2.34815458e+01,   1.58778567e+01,  -6.84888607e+00,  -2.57310651e+01, 
              1.75819694e+01,  -3.34390117e+01,  -3.32739636e+00,   1.92797985e+01,  -3.26149925e+01, 
             -1.88151386e+00,   1.92729009e+01,  -3.50423338e+01,  -2.85893267e+00,   1.91034899e+01, 
             -1.07482851e+01,   4.12504270e+01,  -2.81388864e+00,  -1.07655239e+01,   4.15702218e+01, 
             -4.70300939e+00,  -9.18265048e+00,   4.12809448e+01,  -2.53592756e+00,   1.03071381e+01, 
              3.03056292e+01,   1.38077690e+01,   9.55431480e+00,   3.00079249e+01,   1.21581832e+01, 
              1.21489611e+01,   2.96576746e+01,   1.37364764e+01,   1.49196699e+01,   4.70407285e+01, 
             -2.46390890e+01,   1.62189205e+01,   4.71295000e+01,  -2.57968922e+01,   1.43827244e+01, 
              4.53642239e+01,  -2.47268065e+01,  -2.51335273e+01,  -1.92897860e+01,  -5.84807256e+00, 
             -2.35351807e+01,  -1.93879358e+01,  -6.94048397e+00,  -2.64297332e+01,  -2.04311158e+01, 
             -6.44372641e+00,  -1.22973064e+01,  -8.68932300e+00,   2.82761880e+01,  -1.18341615e+01, 
             -1.03515008e+01,   2.79348486e+01,  -1.13882836e+01,  -7.60110292e+00,   2.73589140e+01, 
              1.52159809e+00,   1.79646436e+01,   2.31174092e+01,   5.82071327e-01,   1.88614697e+01, 
              2.42815665e+01,   3.22294107e+00,   1.85472552e+01,   2.33678579e+01,   2.58791596e+01, 
             -1.94634908e+01,   4.47399024e+01,   2.58831761e+01,  -1.78829929e+01,   4.37709542e+01, 
              2.66475809e+01,  -1.92448516e+01,   4.66683301e+01,  -5.60093639e+00,  -4.23779584e+01, 
              5.59801377e+00,  -5.95219461e+00,  -4.07919378e+01,   4.63661985e+00,  -7.35244664e+00, 
             -4.30525219e+01,   6.03394173e+00,   2.28919507e+01,   3.32257499e+00,  -1.11549853e+00, 
              2.17277487e+01,   2.83160660e+00,   1.58227917e-01,   2.43979331e+01,   4.00474587e+00, 
             -2.15078516e-01,  -2.09089613e+01,   2.78548474e+01,   1.09852150e+01,  -2.24514083e+01, 
              2.86484349e+01,   1.00979048e+01,  -1.98171533e+01,   2.91974553e+01,   1.13437683e+01, 
              1.84000186e+01,   1.74787986e+01,   9.06960246e+00,   1.69044795e+01,   1.74924162e+01, 
              8.22805952e+00,   1.95497574e+01,   1.58409592e+01,   8.49564939e+00,   2.66324652e+00, 
             -5.79484025e+00,   6.61139088e+00,   2.79943601e+00,  -4.51275371e+00,   5.46496226e+00, 
              2.70216742e+00,  -7.35108535e+00,   5.77748488e+00,   3.59393823e+01,   2.91682842e+01, 
             -1.08115517e-01,   3.73119834e+01,   2.99630470e+01,  -2.11663320e-01,   3.53763869e+01, 
              2.86200403e+01,  -1.62830057e+00,   8.46787858e+00,   4.72135392e+00,   2.19180025e+01, 
              8.58440930e+00,   3.81267336e+00,   2.03165759e+01,   1.02717152e+01,   4.98329664e+00, 
              2.23984050e+01,   4.46541945e+00,   7.28169442e+00,  -5.43660244e+00,   5.04100649e+00, 
              8.27608444e+00,  -4.05702451e+00,   3.50684673e+00,   6.01325365e+00,  -4.51186877e+00, 
              4.00351497e+01,  -2.59281118e+01,  -2.12274767e+00,   3.96176763e+01,  -2.41908956e+01, 
             -1.41942871e+00,   4.07365016e+01,  -2.56723084e+01,  -3.74836998e+00,  -3.02482630e+01, 
              4.68995267e+00,  -8.22147707e+00,  -3.13875754e+01,   5.71102271e+00,  -7.32373558e+00, 
             -3.13400076e+01,   3.69414732e+00,  -9.32898848e+00,   3.05530725e+01,   1.21310629e+00, 
             -1.24903605e+01,   3.04145326e+01,   1.99154818e+00,  -1.43058353e+01,   3.22505959e+01, 
              1.87171521e+00,  -1.21721803e+01,   4.20611666e+01,   1.23442820e+01,  -7.05969311e+00, 
              4.25570928e+01,   1.28753863e+01,  -8.79951579e+00,   4.29997249e+01,   1.08456042e+01, 
             -6.61588576e+00,   1.99884848e+01,  -4.50889252e-01,   1.48936416e+01,   1.84609821e+01, 
             -4.92354716e-01,   1.39306258e+01,   2.10706477e+01,   8.82393076e-01,   1.41265670e+01, 
              1.19311805e+01,   3.46897320e+01,  -9.44788247e+00,   1.02005267e+01,   3.55952889e+01, 
             -9.47152349e+00,   1.19431547e+01,   3.34448964e+01,  -8.13779042e+00,  -1.02433333e+01, 
             -6.89255566e+00,  -1.70608803e+01,  -9.57157134e+00,  -7.65690002e+00,  -1.85919298e+01, 
             -1.06086070e+01,  -5.16708758e+00,  -1.72738836e+01,  -2.28890306e+00,   2.28813405e+01, 
              2.87566394e+01,  -1.45051185e+00,   2.43369250e+01,   2.87515730e+01,  -9.13435556e-01, 
              2.15177318e+01,   2.86496186e+01,   3.37811191e+01,   2.93947410e+01,  -1.36509935e+01, 
              3.23380114e+01,   3.05481168e+01,  -1.39690129e+01,   3.50841451e+01,   3.00089907e+01, 
             -1.50501921e+01,   5.93077971e+00,   1.14640624e+01,  -2.69588760e+00,   5.66906777e+00, 
              1.32037816e+01,  -2.34709827e+00,   7.36380928e+00,   1.14436873e+01,  -3.59887747e+00, 
             -1.58717556e+01,  -9.39364281e+00,   2.27353232e+01,  -1.66146134e+01,  -9.01270944e+00, 
              2.12288520e+01,  -1.43361679e+01,  -9.27890015e+00,   2.24725166e+01,   6.39963288e+01, 
              2.49703594e+01,  -1.11340510e+01,   6.31528024e+01,   2.61093897e+01,  -9.77332204e+00, 
              6.31898281e+01,   2.55010560e+01,  -1.25944929e+01,   1.64423882e+01,  -1.60503806e+01, 
              3.86558826e+01,   1.61363923e+01,  -1.44975166e+01,   3.77709733e+01,   1.58674240e+01, 
             -1.73306203e+01,   3.75892734e+01,   7.63599185e+00,  -4.17984885e+01,  -2.66874632e+01, 
              8.16095792e+00,  -4.16158850e+01,  -2.46957547e+01,   5.84770250e+00,  -4.21525288e+01, 
             -2.67714183e+01,  -2.53685263e+01,   3.97481274e+00,   3.42353707e+00,  -2.41774487e+01, 
              3.81500710e+00,   1.88876287e+00,  -2.51155486e+01,   5.19307491e+00,   4.48113763e+00, 
             -7.73611283e+00,  -2.41340955e+01,   1.74946926e+01,  -6.99176276e+00,  -2.32358964e+01, 
              1.61931965e+01,  -6.99008705e+00,  -2.56361535e+01,   1.76143744e+01,  -3.32856922e+01, 
             -3.29238629e+00,   1.92250375e+01,  -3.25901349e+01,  -1.81549796e+00,   1.90560113e+01, 
             -3.48699710e+01,  -3.21909286e+00,   1.89930127e+01,  -1.07312131e+01,   4.12222483e+01, 
             -2.78403039e+00,  -1.08469040e+01,   4.14774475e+01,  -4.53455283e+00,  -8.92307937e+00, 
              4.13060787e+01,  -2.36728013e+00,   1.03400176e+01,   3.03874852e+01,   1.37072935e+01, 
              9.08318260e+00,   3.02299738e+01,   1.22202180e+01,   1.20438479e+01,   2.96432893e+01, 
              1.33039210e+01,   1.48757728e+01,   4.70004212e+01,  -2.45410386e+01,   1.62584658e+01, 
              4.66711546e+01,  -2.58644688e+01,   1.43070738e+01,   4.54947235e+01,  -2.50617252e+01, 
             -2.52643219e+01,  -1.92759692e+01,  -5.74144706e+00,  -2.39066403e+01,  -1.89979460e+01, 
             -6.88718731e+00,  -2.62466824e+01,  -2.03415837e+01,  -6.68511242e+00,  -1.22564837e+01, 
             -8.73832188e+00,   2.83362155e+01,  -1.13859766e+01,  -1.00790968e+01,   2.77942181e+01, 
             -1.13880198e+01,  -7.28876059e+00,   2.75121015e+01,   1.50754114e+00,   1.80415536e+01, 
              2.31567284e+01,   7.70667937e-01,   1.91298816e+01,   2.42290848e+01,   3.21389110e+00, 
              1.87053713e+01,   2.33952520e+01,   2.58966536e+01,  -1.95295421e+01,   4.45235468e+01, 
              2.58180992e+01,  -1.79179957e+01,   4.40194076e+01,   2.65357883e+01,  -1.93506224e+01, 
              4.62255157e+01,  -5.49480854e+00,  -4.23791222e+01,   5.63701165e+00,  -5.74147741e+00, 
             -4.10751522e+01,   4.55889006e+00,  -7.11571686e+00,  -4.29613366e+01,   5.94739832e+00, 
              2.28266579e+01,   3.27611434e+00,  -1.09019303e+00,   2.16898690e+01,   2.80890835e+00, 
              1.09322204e-01,   2.40112387e+01,   4.28770927e+00,  -2.55588424e-02,  -2.09178070e+01, 
              2.77704067e+01,   1.09254790e+01,  -2.26293151e+01,   2.82700188e+01,   1.02127896e+01, 
             -1.99820749e+01,   2.94276788e+01,   1.15126340e+01,   1.84781575e+01,   1.73772534e+01, 
              9.04769514e+00,   1.69468397e+01,   1.68903885e+01,   8.18812840e+00,   1.97723055e+01, 
              1.61793136e+01,   8.52527767e+00,   2.60915132e+00,  -5.74465238e+00,   6.64293970e+00, 
              2.69613638e+00,  -4.48264243e+00,   5.05628135e+00,   2.97807285e+00,  -7.43564292e+00, 
              5.97545996e+00,   3.59816275e+01,   2.90480614e+01,  -6.39272847e-02,   3.74343912e+01, 
              3.00159722e+01,  -1.31985490e-01,   3.52154746e+01,   2.87252592e+01,  -1.66419842e+00, 
              8.43438623e+00,   4.64301562e+00,   2.17649628e+01,   8.29985753e+00,   4.10269259e+00, 
              2.00583835e+01,   9.96713898e+00,   5.41756078e+00,   2.21968296e+01,   4.58684194e+00, 
              7.21209553e+00,  -5.43269304e+00,   5.03780664e+00,   8.64416203e+00,  -4.16305486e+00, 
              3.70617834e+00,   5.90941334e+00,  -4.70318742e+00,   4.00178467e+01,  -2.58672157e+01, 
             -2.09437263e+00,   3.96744356e+01,  -2.45394540e+01,  -1.38516750e+00,   4.01086747e+01, 
             -2.53680542e+01,  -3.81086383e+00,  -3.01654775e+01,   4.74722814e+00,  -8.17072885e+00, 
             -3.14440215e+01,   5.92023881e+00,  -7.29204300e+00,  -3.13225726e+01,   3.67778708e+00, 
             -9.21189208e+00,   3.05846503e+01,   1.21172356e+00,  -1.25887141e+01,   3.02878384e+01, 
              2.26065408e+00,  -1.40639346e+01,   3.24591738e+01,   1.44002217e+00,  -1.18805085e+01, 
              4.19962497e+01,   1.24330866e+01,  -7.03366652e+00,   4.27551923e+01,   1.26031101e+01, 
             -8.65626858e+00,   4.29204521e+01,   1.10858764e+01,  -6.49469820e+00,   2.00162851e+01, 
             -4.17855664e-01,   1.48617736e+01,   1.84581525e+01,  -6.37865943e-01,   1.38889338e+01, 
              2.13543160e+01,   8.13807643e-01,   1.43148022e+01,   1.19179487e+01,   3.46013459e+01, 
             -9.56167706e+00,   1.07281447e+01,   3.58180747e+01,  -9.20713734e+00,   1.13976444e+01, 
              3.34767901e+01,  -8.27255970e+00,  -1.02226457e+01,  -6.77507781e+00,  -1.70263153e+01, 
             -9.84557386e+00,  -7.79427563e+00,  -1.86183621e+01,  -1.09063446e+01,  -5.27707529e+00, 
             -1.77645612e+01,  -2.25784210e+00,   2.29369967e+01,   2.88346584e+01,  -1.27285356e+00, 
              2.45342704e+01,   2.91486683e+01,  -9.18516665e-01,   2.18938069e+01,   2.84181172e+01, 
              3.37657002e+01,   2.93556909e+01,  -1.36182092e+01,   3.25585103e+01,   3.04891958e+01, 
             -1.42076856e+01,   3.51556882e+01,   3.00127716e+01,  -1.46321787e+01,   5.99112373e+00, 
              1.13395235e+01,  -2.63021099e+00,   5.40199874e+00,   1.30765432e+01,  -2.32201339e+00, 
              7.57977223e+00,   1.18182703e+01,  -3.34630797e+00,  -1.57575692e+01,  -9.39077811e+00, 
              2.26514902e+01,  -1.65170395e+01,  -8.59755171e+00,   2.11519613e+01,  -1.39324089e+01, 
             -9.34066083e+00,   2.29237530e+01,   6.39208111e+01,   2.49966155e+01,  -1.11805401e+01, 
              6.35570613e+01,   2.62442124e+01,  -1.01327315e+01,   6.34135729e+01,   2.56070025e+01, 
             -1.27309882e+01,   1.65113087e+01,  -1.59746414e+01,   3.87319432e+01,   1.68210793e+01, 
             -1.46383727e+01,   3.76043051e+01,   1.56082101e+01,  -1.72034478e+01,   3.76116254e+01, 
              7.68803718e+00,  -4.17970916e+01,  -2.66282803e+01,   8.03503397e+00,  -4.19655764e+01, 
             -2.48172110e+01,   6.02280128e+00,  -4.22152242e+01,  -2.69490806e+01,  -2.52044046e+01, 
              3.85126978e+00,   3.42370990e+00,  -2.43977837e+01,   4.17571702e+00,   1.78634032e+00, 
             -2.49732659e+01,   5.59296078e+00,   4.14842231e+00,  -7.82518347e+00,  -2.40139458e+01, 
              1.74257038e+01,  -6.98822295e+00,  -2.28768157e+01,   1.63008427e+01,  -6.86636912e+00, 
             -2.54211746e+01,   1.70422837e+01,  -3.33139406e+01,  -3.35249998e+00,   1.91314347e+01, 
             -3.26269513e+01,  -1.73086487e+00,   1.90673549e+01,  -3.51800757e+01,  -3.13143685e+00, 
              1.90816952e+01,  -1.07028438e+01,   4.11691632e+01,  -2.79828290e+00,  -1.07059764e+01, 
              4.16724220e+01,  -4.39740853e+00,  -9.14255095e+00,   4.11071817e+01,  -2.23054585e+00, 
              1.04007515e+01,   3.04312589e+01,   1.36369407e+01,   9.28681595e+00,   3.01158622e+01, 
              1.23581349e+01,   1.21502095e+01,   3.01725234e+01,   1.33811483e+01,   1.49162571e+01, 
              4.70537199e+01,  -2.46592189e+01,   1.63324929e+01,   4.69379949e+01,  -2.56094756e+01, 
              1.40338545e+01,   4.56256047e+01,  -2.51978801e+01,  -2.52528198e+01,  -1.94026830e+01, 
             -5.70869467e+00,  -2.38481989e+01,  -1.85936773e+01,  -6.57125383e+00,  -2.64788887e+01, 
             -2.02239291e+01,  -6.83018613e+00,  -1.23307113e+01,  -8.74303436e+00,   2.82847101e+01, 
             -1.15998397e+01,  -1.03878419e+01,   2.81158229e+01,  -1.11873295e+01,  -7.46783866e+00, 
              2.76926562e+01,   1.57966661e+00,   1.80257657e+01,   2.30403097e+01,   7.07450246e-01, 
              1.92786224e+01,   2.37328982e+01,   3.16334905e+00,   1.86917260e+01,   2.34414195e+01, 
              2.58335225e+01,  -1.94881631e+01,   4.45138744e+01,   2.59449027e+01,  -1.76981735e+01, 
              4.40218676e+01,   2.67537482e+01,  -1.91073124e+01,   4.58607213e+01,  -5.57678434e+00, 
             -4.23318113e+01,   5.55135518e+00,  -5.71578134e+00,  -4.08375203e+01,   4.41798675e+00, 
             -7.18231079e+00,  -4.29341197e+01,   5.87481971e+00,   2.29131406e+01,   3.35631297e+00, 
             -1.13955764e+00,   2.14531519e+01,   3.08556548e+00,  -2.89627555e-01,   2.40996598e+01, 
              4.07829371e+00,  -2.34813796e-01,  -2.08458803e+01,   2.77636030e+01,   1.09465155e+01, 
             -2.25198329e+01,   2.79460892e+01,   1.00580594e+01,  -1.99942032e+01,   2.92594910e+01, 
              1.11547355e+01,   1.85802032e+01,   1.73209641e+01,   9.07672033e+00,   1.66493779e+01, 
              1.68133723e+01,   8.69793808e+00,   1.98549551e+01,   1.61595253e+01,   8.55876171e+00, 
              2.51870709e+00,  -5.73325481e+00,   6.57736200e+00,   2.47470135e+00,  -4.53243589e+00, 
              5.15724928e+00,   3.26216208e+00,  -7.15867381e+00,   5.84539026e+00,   3.58951069e+01, 
              2.91551670e+01,  -3.61534639e-02,   3.75732946e+01,   2.97792279e+01,  -2.46067417e-01, 
              3.55610834e+01,   2.87205092e+01,  -1.75130241e+00,   8.36615702e+00,   4.70928923e+00, 
              2.19077146e+01,   8.52570287e+00,   3.77120826e+00,   2.03246416e+01,   9.88440266e+00, 
              5.16194313e+00,   2.24044724e+01,   4.63604033e+00,   7.26633837e+00,  -5.47826192e+00, 
              4.71706936e+00,   8.91334274e+00,  -4.55257956e+00,   3.61107200e+00,   6.11967259e+00, 
             -4.38521922e+00,   3.99898037e+01,  -2.59233103e+01,  -1.99757300e+00,   3.98121313e+01, 
             -2.42753106e+01,  -1.25050993e+00,   4.00606111e+01,  -2.53412347e+01,  -3.89799183e+00, 
             -3.02190704e+01,   4.62992504e+00,  -8.18861981e+00,  -3.16614033e+01,   5.41802042e+00, 
             -7.39014599e+00,  -3.11414830e+01,   3.44477051e+00,  -9.46131728e+00,   3.05252607e+01, 
              1.29262085e+00,  -1.25833381e+01,   2.99424550e+01,   2.02163440e+00,  -1.40497800e+01, 
              3.21950375e+01,   1.88351995e+00,  -1.23462194e+01,   4.20459147e+01,   1.23881296e+01, 
             -6.98855985e+00,   4.24439104e+01,   1.27992655e+01,  -8.65002064e+00,   4.33070705e+01, 
              1.12543341e+01,  -6.43692605e+00,   1.99765905e+01,  -3.95754465e-01,   1.48410473e+01, 
              1.91306578e+01,  -1.12391896e+00,   1.33023824e+01,   2.10938460e+01,   7.82770388e-01, 
              1.44379103e+01,   1.17800376e+01,   3.45985346e+01,  -9.54007287e+00,   1.08001289e+01, 
              3.60262510e+01,  -9.15541766e+00,   1.15022157e+01,   3.34209343e+01,  -8.20179499e+00, 
             -1.01963613e+01,  -6.67646550e+00,  -1.70970469e+01,  -9.73350658e+00,  -7.38956716e+00, 
             -1.86062767e+01,  -1.12215486e+01,  -5.29642838e+00,  -1.76181351e+01,  -2.18124556e+00, 
              2.29476144e+01,   2.87962939e+01,  -1.04423652e+00,   2.42669312e+01,   2.91317095e+01, 
             -1.05811705e+00,   2.16655533e+01,   2.87616622e+01,   3.37785011e+01,   2.93697103e+01, 
             -1.36685812e+01,   3.26073626e+01,   3.04212781e+01,  -1.39788156e+01,   3.48033869e+01, 
              3.05279622e+01,  -1.42323686e+01,   6.02192283e+00,   1.12818489e+01,  -2.74514570e+00, 
              5.76008274e+00,   1.30056422e+01,  -2.23960400e+00,   7.66296724e+00,   1.12443490e+01, 
             -3.46538253e+00,  -1.57378040e+01,  -9.59333833e+00,   2.26487615e+01,  -1.67365788e+01, 
             -8.78860408e+00,   2.14438129e+01,  -1.39100735e+01,  -9.37867994e+00,   2.32031757e+01, 
              6.39261335e+01,   2.49601180e+01,  -1.11528529e+01,   6.34950195e+01,   2.60326492e+01, 
             -9.80978927e+00,   6.36851643e+01,   2.52038154e+01,  -1.29880175e+01,   1.64422685e+01, 
             -1.59065629e+01,   3.86286564e+01,   1.69851353e+01,  -1.44199316e+01,   3.74651673e+01, 
              1.53581042e+01,  -1.72096648e+01,   3.77928826e+01 ]
         </q>
         <p shape='(6, 288)'>
          [   3.54658010e+00,   1.89490920e+01,  -7.59144593e+00,   3.75052797e+00,   1.03584557e+00, 
              5.36609798e+00,   5.32790466e+00,  -3.06374028e+00,   4.51381949e+00,   4.83427555e+00, 
             -7.46700455e+00,   6.18108944e+00,  -3.98502359e+00,  -1.90611556e+00,   5.55063121e+00, 
              1.00832456e+00,   9.04959635e-01,  -6.00890069e-01,  -1.45547664e+01,   5.62221101e+00, 
             -2.04643924e+01,   1.00074703e+00,   2.33091318e-01,   2.49733116e-01,  -2.17368694e+00, 
              5.22639337e-01,   1.32746226e+00,  -1.54593120e+01,  -9.41420348e+00,  -5.90875672e+00, 
             -3.09981439e-01,  -4.94492042e+00,  -5.67632877e-01,  -4.00509233e+00,  -2.25944676e+00, 
             -9.79199663e-01,  -1.94011621e+00,  -7.00848008e+00,   1.14024679e+01,  -4.87174007e+00, 
             -4.54762381e+00,   1.26109928e+00,  -2.87230822e+00,   6.91977572e-01,  -4.33211799e+00, 
              1.18383216e+00,  -9.62503027e+00,  -2.62441449e+01,   1.27009405e+00,  -8.36361834e-01, 
              3.36642381e+00,   3.16508135e+00,  -4.94883792e+00,  -5.41211510e+00,   6.94243986e+00, 
              2.49760677e+01,   2.68077336e+00,  -2.02226651e+00,  -3.48622076e-01,   2.15484891e+00, 
             -2.55773706e+00,   3.28887267e-01,  -3.64488306e+00,   6.53300981e+00,  -1.44841350e+01, 
             -5.61052793e+00,  -1.51838281e+00,   6.44704244e+00,   5.65415340e+00,   4.27963226e+00, 
              3.20381308e-01,   6.38173722e+00,  -1.78045629e+01,  -6.48124383e+00,   2.66295587e+00, 
             -4.33436275e-01,  -4.13855343e+00,   5.76059683e+00,   1.89864671e+00,   1.48853484e-01, 
              2.75043821e+00,   5.60214594e+00,  -1.14218620e+00,  -4.40747001e+00,   7.68415941e-01, 
              2.14031049e-01,   1.61721373e+00,   3.54107520e-01,   4.17567548e+00,   2.37138289e+00, 
             -4.59315684e+00,  -2.11087950e+01,  -1.09154898e+01,  -1.72366276e+00,   4.54343267e+00, 
             -4.27582144e-01,  -2.49008753e-01,  -2.18932272e+00,  -2.11147219e+00,   1.27935331e+00, 
             -7.87218025e+00,  -5.06711833e+00,  -1.67710656e+00,   2.25536872e+00,   1.87812263e+00, 
              8.11509152e+00,   1.17725225e+00,   5.58484285e+00,   7.88901615e+00,  -1.34396109e+01, 
             -5.67627119e+00,   3.29715960e+00,   1.75162073e+00,  -6.74518388e+00,   3.75103319e-01, 
              6.80795578e-01,   7.08248463e-01,  -6.80259544e+00,   2.70640630e+01,   1.96241791e+01, 
             -7.78647433e-01,  -4.24278235e+00,   3.20241010e+00,  -5.98797572e+00,  -3.96130692e-01, 
             -1.36167106e+00,   1.94232567e+00,  -1.32512952e+01,   1.76257045e+01,  -4.56206826e-01, 
              5.24604514e-01,   1.74343891e+00,  -7.04391000e-01,  -2.76767674e-01,   6.92851606e-01, 
             -9.20705024e+00,   5.43173174e+00,   5.80568379e+00,  -3.40512087e+00,  -2.40522169e+00, 
              5.80461715e+00,  -6.70866747e+00,   1.76976473e-01,  -3.72437204e+00,   5.69248317e+00, 
              1.17915577e+01,   2.68342553e+01,   1.32415041e-01,   5.78671147e+00,   1.92740812e-01, 
             -4.88721255e+00,  -1.15704063e+00,   1.82064908e+00,  -1.39891232e+00,  -2.61213912e+01, 
              2.22205220e+00,  -1.86372724e+00,   6.44951061e-01,   1.36191118e+00,  -9.75781357e-01, 
             -1.50848062e-01,  -3.40572268e+00,   2.59196334e+00,  -1.81454878e+01,  -3.15650366e+00, 
              5.35038081e+00,   3.49642675e+00,   2.13714456e+00,  -4.53707754e+00,  -1.34431006e+00, 
              1.06320644e-01,   2.14164909e+00,  -9.83318955e+00,  -5.77458342e+00,   1.61576076e+00, 
             -3.37734458e+00,  -6.12192249e+00,  -2.88709352e+00,   3.89843841e+00,  -2.09819087e+00, 
             -2.41946118e+01,  -1.28195397e+01,  -4.08681860e+00,   7.60544384e-01,   6.87978427e-01, 
              3.28636673e+00,   1.92894726e+00,   1.81065579e+00,  -5.19861068e+00,   1.50748671e+01, 
              6.97229798e+00,   9.82800797e+00,   5.24933529e+00,  -9.41744788e-01,  -7.75868355e-01, 
             -2.12026831e+00,   1.00739119e+01,   4.52462863e+00,   1.96875202e+01,  -1.08810037e+01, 
              6.48114661e-01,   2.89355110e+00,   6.79706668e-01,  -2.14664200e+00,   4.87965579e+00, 
             -4.43620464e+00,  -5.84545770e-01,  -1.57386077e+01,  -1.19364254e+01,  -2.06404089e+01, 
              2.72127883e+00,  -4.70351995e+00,  -4.06349927e+00,  -1.18057952e-01,   2.78498888e+00, 
             -2.87168785e+00,   8.56623630e+00,   3.90969197e+00,   1.01613057e+01,   5.29968523e+00, 
             -1.87545943e+00,   1.24433186e+00,  -2.50344426e+00,  -5.18862214e+00,   2.76398441e-01, 
              1.43728224e+01,   1.85016926e+00,  -1.77385036e+01,  -3.35695004e-01,  -1.66605021e+00, 
              5.01517513e+00,  -1.29950098e+00,  -2.53019351e+00,   2.87056320e+00,   1.43445251e+01, 
             -1.37976910e+01,   1.95233290e+01,  -1.99138699e+00,  -1.18582709e+00,   2.44979444e+00, 
             -3.28818239e+00,  -5.16206183e-01,  -3.95373560e+00,  -4.06122129e+00,  -4.15573678e+00, 
              4.92172501e+00,   1.23137908e+00,   5.17917341e+00,  -3.14521583e+00,  -3.24496513e+00, 
             -2.08334975e-01,   4.25472175e+00,   4.97376746e+00,  -3.24231289e+00,  -1.45509804e+01, 
              2.30127022e+00,   4.24928463e+00,  -4.52263762e+00,  -2.15033718e+00,   1.68733096e+00, 
             -4.09655773e+00,  -1.48567853e+01,  -1.09987783e+01,   2.88820005e+00,   3.20901635e+00, 
              2.49384499e+00,  -1.62489483e-01,  -2.51506954e+00,   1.05916399e+00,  -5.96349038e-01, 
             -8.81879785e+00,   1.21235107e+01,  -1.40730728e+01,   2.29090387e+00,  -3.19423510e+00, 
             -4.72616677e+00,  -4.56601724e+00,   4.14672221e+00,   1.42227954e+00,   1.05742920e+01, 
              1.30660726e+01,   2.73933698e-01,   4.32132593e+00,   2.74783451e+00,   1.46092393e+00, 
              3.43315259e+00,  -3.61751241e+00,  -3.70175611e+00,   1.87363975e+01,  -2.24834036e+01, 
              5.75704844e+00,  -3.66526281e-01,  -3.93750320e+00,   9.03469888e-02,  -6.32442743e-01, 
              5.75299137e+00,   6.29977835e+00,  -1.19043641e+01,   1.72098487e+01,   1.71481374e+01, 
             -4.13179381e+00,  -3.64925156e+00,  -1.19536811e+00,  -1.37420708e+00,  -5.96810575e-01, 
              3.79010884e+00,   2.53389287e+01,  -1.22231540e+01,  -4.18692949e-01,  -2.84436901e+00, 
             -2.10497882e+00,   2.97849124e-02,  -9.92706719e-01,  -3.49074214e+00,  -1.48347895e+00, 
             -9.70418365e+00,  -9.00161092e+00,   3.45921124e+01,   1.95219521e+00,   5.36694234e+00, 
             -2.26403234e-01,  -4.90366340e+00,  -1.09463759e+00,   3.84201872e+00,   1.97642347e+01, 
             -5.59164281e+00,  -3.84412447e+00,   8.88392692e-01,  -4.31143933e+00,   1.50702488e+00, 
              7.00943285e+00,   5.60791819e-01,  -2.58819106e+00,  -1.38131135e+01,   2.98494640e+01, 
              1.58400794e+01,   5.71702524e-01,  -2.13344587e+00,  -1.00153703e+00,  -3.39514122e+00, 
              4.32026194e+00,  -3.28980605e+00,   3.74566573e+01,  -1.92984637e+01,   1.29721900e+01, 
             -8.94587918e-01,  -6.45684479e+00,   2.43271236e+00,  -1.23862552e+00,   2.13167001e+00, 
              1.14487266e+00,  -6.61525497e+00,   3.31825143e-01,  -6.54633864e+00,   5.44851504e-01, 
             -4.05402440e-01,  -2.33420573e+00,  -4.33302681e+00,  -1.08952140e+00,   1.41682973e+00, 
              3.15436935e+00,   1.44450238e+01,  -6.85088931e+00,  -1.60623458e+00,   8.01267832e-01, 
              2.67783358e+00,   1.21256713e+00,   7.64993151e-02,  -3.09376733e-01,   3.00949215e+01, 
             -7.18585981e-01,  -7.39977535e+00,   2.33637381e+00,  -6.07230864e-01,   1.69230477e+00, 
              1.93331016e+00,   3.09524181e+00,  -5.53655219e-01,   1.35092843e+01,  -4.55603607e+00, 
             -1.12615663e+01,  -1.42207676e+00,  -6.12643046e+00,   3.55628599e+00,  -1.83801961e-01, 
              4.35493055e+00,  -3.06712166e+00,  -1.14976085e+01,  -1.45326740e+01,   9.11422032e+00, 
             -2.38297767e+00,  -2.25037587e+00,   2.07369362e+00,  -3.80379297e-01,  -1.08385850e+00, 
             -4.50462971e-02,  -2.96786332e+00,   2.56989527e+00,  -3.12445959e+01,  -1.09946764e-01, 
             -1.46585676e+00,  -1.67778449e-01,   1.65036375e+00,   5.03012528e-01,   3.26197951e+00, 
             -3.58517918e+00,   1.12953705e+01,   7.17209053e+00,   7.55054696e-01,  -2.76823579e+00, 
             -2.35173877e+00,  -4.30903942e+00,  -8.81677678e-01,   1.62090417e+00,  -9.65718328e+00, 
              1.17524729e+01,   8.79035305e+00,  -1.68685523e+00,   6.54478880e+00,   2.73670255e+00, 
              1.84690115e+00,   3.17389527e+00,   5.72081156e+00,  -1.23575139e+01,  -2.20729491e+01, 
              6.38692398e+00,   5.03920555e+00,   6.12807844e+00,   3.67723114e+00,  -6.59313621e-01, 
              3.94345345e-01,  -1.68877193e+00,  -3.40466870e+00,  -1.21254601e+00,   1.23208498e+01, 
             -1.79296098e+00,   6.45328509e+00,  -2.03197632e+00,  -1.53185383e+00,  -8.24079699e-01, 
             -1.23456126e+00,   1.27993626e+01,   1.41373472e+01,  -1.47919827e+01,  -7.28765902e+00, 
             -1.54272961e-01,  -2.36883956e+00,   1.12633760e+00,  -4.82209871e+00,  -8.14449695e+00, 
              1.62649067e+01,  -5.36371338e+00,  -1.04984372e+01,  -2.51880729e+00,  -3.98519599e+00, 
              2.09204984e+00,   9.87322083e-01,  -1.34960936e+00,   3.72944857e+00,  -1.11011047e+01, 
             -4.29198918e+00,  -9.86753611e+00,  -4.85331157e+00,  -2.13595932e+00,  -4.61089825e+00, 
              1.57569720e+00,   4.51038610e+00,   1.12336690e+00,   1.07383635e+01,   2.75945364e-01, 
              2.03972559e+01,  -1.97631347e+00,   3.96628575e+00,   9.92354614e-02,   4.92626613e-01, 
              2.95924572e+00,   3.47149239e+00,  -1.59408786e+01,   6.76138096e+00,  -3.89291843e+00, 
              1.70341002e+00,  -1.11963290e+00,   6.87709418e-01,   1.15204803e+00,  -2.49086739e+00, 
              1.51264991e+00,   1.02806951e+01,   8.68434242e+00,   5.83460252e+00,   6.53753803e+00, 
              1.36095862e+00,   1.25349780e+00,   2.96583778e+00,  -2.59333160e+00,  -3.61382246e+00, 
              1.04041081e+01,  -1.97445345e+01,   7.57196343e+00,   4.27549100e+00,  -2.09628492e-01, 
              3.03204498e+00,  -4.22671472e-01,  -8.52680806e-01,   5.92457712e+00,   3.44053279e+01, 
              1.28322582e+00,  -6.69910734e+00,   2.65377583e+00,   1.09638455e+00,  -2.85073047e+00, 
              1.33721829e+00,  -1.15961005e+00,  -1.00660441e+01,  -1.37503794e+01,  -1.23533076e+01, 
             -2.73292265e+01,  -4.05264307e+00,  -3.37743136e-01,   1.59413457e+00,   2.80664458e-01, 
              6.30041150e+00,  -9.01359437e-01,  -2.80611091e+00,   8.33803567e+00,   1.02221149e+01, 
              1.38604977e+00,  -8.33833638e-01,   5.85790506e+00,  -1.76599983e+00,  -8.61847611e-01, 
              3.75733603e+00,  -1.18864185e+01,  -2.27049474e+01,   1.48747950e+01,   3.13558577e-01, 
             -7.58900341e+00,   1.75021182e+00,   1.63179334e+00,  -2.23570888e+00,  -3.97616308e-01, 
              1.20974446e+01,   3.36587040e+01,   1.42426745e+01,   2.31060756e-01,   1.65284188e+00, 
              4.81723340e-01,   1.88412607e+00,   6.89757302e+00,   1.22308525e+00,  -2.20424135e+00, 
              1.57331023e+01,   1.41200710e+01,   1.61293181e+00,   2.90965160e+00,   1.24486479e+00, 
             -2.10758519e+00,   2.27474701e+00,   3.96680108e+00,  -3.33457125e+00,   1.24231193e+01, 
             -2.02581615e+01,  -5.86157003e+00,  -3.52269641e+00,   3.01896885e+00,   4.68617822e-01, 
              4.39331201e+00,  -1.06265591e+00,  -3.46444008e+01,  -1.30108063e+01,  -3.68140504e+00, 
              5.29547989e+00,  -1.84687947e+00,   2.24306121e+00,   3.75751687e+00,  -3.05938716e-03, 
              2.60572564e+00,  -2.13889716e+01,  -9.18790665e-01,   6.41048965e+00,   2.55436195e+00, 
              2.02647707e+00,   1.82949445e+00,   5.81079059e-01,  -2.73009282e+00,  -1.44088078e+00, 
             -1.50817664e+01,   2.92098337e+01,  -1.94648431e+01,  -7.30206596e-01,   1.20081646e+00, 
              5.92257410e-01,   2.46154320e-01,  -8.07640916e+00,  -6.32244149e+00,  -7.67424247e+00, 
              6.26176925e+00,   3.87306179e+00,  -5.71030206e+00,   2.34685305e-01,   4.75170063e+00, 
             -2.28954690e+00,  -4.51931492e+00,   2.35383243e+00,   3.33270407e+00,   1.23325578e+00, 
             -2.36741477e+01,  -1.56867537e+00,   3.37352551e-01,   2.41558088e+00,  -2.51623301e+00, 
             -3.26511546e+00,  -1.81633656e+00,  -7.22000811e+00,   2.97496129e+00,   4.01410880e+00, 
              5.18438340e+00,   2.36645075e+00,   1.10709833e+00,  -2.10724214e-01,  -2.55209285e+00, 
              3.30235879e-01,   2.71136288e-01,  -1.40018073e+01,   1.05950661e+01,  -3.55272885e+00, 
             -4.77739693e+00,  -2.80655825e+00,   3.30162511e+00,   2.56633135e+00,   2.35856623e+00, 
             -4.89200319e+00,  -1.12545708e+01,   5.16140230e+00,  -1.57329185e+00,   1.48165587e+00, 
             -2.35028994e+00,   1.42024993e+00,   2.15591406e+00,   2.07752865e+00,  -4.31772667e+00, 
             -6.34704981e+00,  -6.45086671e+00,   5.24275066e-01,   2.83170313e+00,   3.74641719e+00, 
              1.79035608e+00,   2.47583436e+00,   3.42963978e+00,  -9.15395877e+00,  -7.78474932e+00, 
              1.53826280e+01,   2.28228841e+00,   3.50304903e+00,   2.68149286e+00,  -3.74532269e+00, 
             -1.98261226e+00,   1.88903461e+00,  -1.49923791e+01,   1.00153819e+01,  -2.34692352e+01, 
             -5.21319710e+00,  -3.41655061e+00,  -3.20995998e-02,  -1.50900144e+00,  -2.05382759e+00, 
             -5.75874818e+00,  -2.07881939e+00,   1.89002509e+01,  -3.45931198e+00,  -1.72525954e+00, 
              7.83996645e-01,   4.37713153e+00,   1.12415309e+01,   2.34848361e+00,   2.49274265e+00, 
              9.05480825e+00,   2.34199223e+00,  -7.36295517e+00,   1.02352004e+00,  -7.27766446e+00, 
              4.84043939e+00,  -7.48500834e-01,   6.39573636e-01,   5.16044130e-01,   2.16997367e+01, 
              1.22385191e+01,   1.93323531e+01,   1.41230140e+00,   3.98542834e+00,   2.26789055e-01, 
             -6.93524234e-01,   3.49216251e+00,  -2.04909805e+00,  -9.99822647e+00,   1.57645841e+01, 
              1.56472988e+01,  -5.93882006e+00,   1.91806019e+00,   1.62975483e+00,   3.30995608e+00, 
             -2.62343218e+00,   1.11842475e+00,  -1.23338318e+01,  -1.24927239e+01,   1.39141781e+01, 
             -1.37045400e+00,   3.09699837e+00,  -2.37315634e+00,   4.72140547e+00,  -2.43943659e+00, 
             -4.32389456e+00,   2.45638261e+00,   1.38442748e+01,   8.80498239e+00,  -3.21157677e+00, 
              7.24304225e-01,  -3.80137514e+00,  -6.59639443e-01,  -3.17980464e-01,  -3.84094319e+00, 
              8.84010081e+00,  -1.39535436e+01,   6.69640826e+00,  -1.15444850e+00,   3.93543339e-01, 
              5.46933172e-01,   1.39177071e+00,   5.86483653e-01,   1.22011037e+00,  -1.90063921e+01, 
             -2.98511611e+00,   1.24214315e+01,   4.40702567e+00,   1.19526069e+00,   5.92628020e+00, 
             -4.66943552e+00,  -3.19964458e+00,  -3.48719232e+00,   3.67372599e+00,  -1.49514001e+01, 
             -1.25002516e+01,  -1.31202902e+00,  -1.96832525e+00,   5.67269914e+00,   5.91857017e-01, 
             -2.37918025e+00,  -6.69442902e+00,   9.42972463e+00,  -1.03474318e+01,   1.27578013e+00, 
              2.67706937e+00,  -4.86877401e+00,   1.24223205e+00,  -3.61632441e+00,  -6.50993186e-01, 
             -7.33077504e+00,  -3.36453705e+00,  -1.59222297e+01,   1.51561440e+00,  -3.25791239e+00, 
             -1.60075578e+00,  -4.75619489e+00,   7.30099403e-01,  -5.30111667e+00,  -1.77884379e+00, 
             -2.34129696e+00,  -6.63552167e-01,  -1.82201023e+01,   5.27877042e+00,   1.16001056e+00, 
              1.63336701e+00,  -2.66986192e+00,   7.03391983e-01,   3.85065278e+00,   1.32439753e+01, 
              7.60287231e+00,  -1.17978681e+01,   1.56398551e+00,   4.30375878e+00,  -1.72774526e+00, 
              3.33583526e+00,   5.56182465e+00,   3.27610525e+00,   6.49131667e+00,   2.54608018e+01, 
             -2.59499021e+01,   3.47762710e-01,  -2.19732260e-01,  -9.21951261e-01,  -2.36454476e+00, 
             -2.82844971e-01,   4.66698461e+00,  -9.18507980e-01,  -9.28021686e+00,  -1.14177111e+01, 
              4.17076029e+00,   8.46574166e+00,  -5.13965923e+00,  -1.66641978e+00,   3.56529981e-01, 
             -2.36922323e+00,   9.58468996e-01,   1.06665043e+01,  -8.17826066e+00,   2.38160405e+00, 
              6.18324631e+00,  -1.47498575e+00,   3.11758984e+00,   4.82883258e+00,  -1.08613683e+00, 
              1.20060693e+01,   2.09561052e+01,  -5.45398281e+00,  -3.52210450e+00,   2.80071851e+00, 
             -2.92289545e+00,  -6.50646965e+00,  -1.73656320e-01,  -2.23824212e+00,   3.50372729e+00, 
              1.96715239e+01,   1.15853528e+01,   2.88488209e+00,  -4.72768089e+00,  -5.39533453e+00, 
              1.57949982e+00,  -2.90531427e+00,  -4.29782623e+00,   2.04722627e+01,   2.19594466e+00, 
              3.12532164e+01,   1.09196215e+00,  -3.02684274e+00,   4.83329785e+00,  -7.11885660e-01, 
              1.58531438e+00,  -5.38192676e-02,  -5.53464897e+00,  -5.81360886e+00,  -1.45860589e+01, 
              2.92335669e+00,  -2.33275506e+00,  -2.14867236e+00,   5.46207222e-01,   1.43015583e+00, 
              1.35767576e+00,   3.25669693e+01,   1.46902360e+01,  -2.46441590e+01,  -1.47213950e-01, 
              4.37502151e-01,  -4.01605090e+00,  -7.94267845e-01,  -5.36608044e+00,  -1.08835572e+00, 
              8.35673052e+00,   3.72414142e+00,   6.84539400e+00,  -1.41005773e-01,   1.01299055e+00, 
             -8.54374621e-01,   2.83734436e+00,  -5.31608117e+00,   3.31911533e+00,   3.42040161e+00, 
             -1.47264746e+01,   6.58472057e+00,  -2.33821847e-02,  -1.54611218e+00,  -3.26238895e+00, 
             -8.02039496e-01,   1.40449141e+00,  -6.74547872e-01,  -1.01767761e+01,   1.39972724e+01, 
              5.22555462e+00,  -1.40600414e+00,   1.19696142e+00,   4.44188345e+00,   2.15907723e+00, 
             -2.81013262e-01,   7.65906525e+00,   1.04961237e+01,   1.04894106e+01,  -3.59480167e+00, 
              1.76757306e+00,   2.66101006e-01,   2.01295847e+00,  -6.24994682e-01,  -2.56180469e+00, 
             -9.15003401e-01,  -4.62048781e+00,   6.47062389e+00,   6.54528881e+00,   1.08804239e+00, 
             -5.63423482e+00,   1.43041462e+00,   1.90582979e+00,   5.07311338e+00,  -2.82596965e+00, 
             -2.36568994e+01,  -3.05196193e+00,   5.37196934e+00,  -3.31076245e+00,  -3.11083102e+00, 
              1.45080041e+00,  -4.64352398e+00,  -4.33350212e+00,   2.87693715e+00,  -9.97634589e+00, 
              6.54877318e+00,   9.47934468e+00,   1.84097769e+00,  -1.58163703e+00,  -2.50071061e+00, 
             -2.66345500e+00,   4.64255431e+00,   5.02594130e+00,  -7.72965439e+00,  -3.22149465e+01, 
             -2.47343427e+00,   7.94584948e-01,  -1.47623417e+00,  -4.41848663e+00,  -3.42244023e-01, 
              5.08985470e+00,   5.05893195e-01,  -4.39025939e+00,   4.25624375e+00,  -1.46884221e+01, 
              1.64410334e+00,   1.24955347e+00,  -2.35172103e+00,  -9.10761302e-01,   3.04861443e+00, 
             -1.95910083e+00,  -2.37113595e+01,   3.65475734e+01,  -4.86489746e+00,  -2.07604046e+00, 
             -3.89185391e-01,   4.27919388e+00,  -7.41188418e-02,   3.36514173e+00,  -4.55548032e+00, 
              4.06694837e+00,   1.87698690e+00,   1.93133389e+00,  -6.22665575e+00,   1.60777870e-01, 
             -1.11091035e+00,  -2.00702969e+00,   2.69496577e+00,   3.97650391e-01,   1.22964334e+01, 
             -5.24721375e+00,   1.70396165e+00,   6.68215417e-02,   3.46772762e+00,   6.03626725e+00, 
              2.21164820e+00,   1.97376895e+00,  -2.90584013e+00,   9.55058481e+00,  -7.41822370e+00, 
              1.15136545e+01,  -4.24941812e+00,  -2.74419825e+00,   4.36783271e-01,   9.86929051e-02, 
              3.30104699e+00,  -1.51044500e+00,  -6.94017743e+00,   1.31440247e+01,  -1.17560480e+01, 
             -4.99592978e+00,   3.58742706e+00,  -1.51903317e+00,  -2.13561941e+00,   6.00971543e-01, 
              2.17417657e+00,  -1.60132206e+01,  -8.86554519e+00,   4.53678214e+00,  -5.59517731e+00, 
              2.89163712e+00,   3.93921788e+00,  -1.37331029e+00,  -2.86597038e+00,  -7.09134173e-01, 
             -3.41101952e+00,  -3.61001741e-01,  -9.42558161e-01,  -3.49413224e-01,  -2.32073615e+00, 
             -2.12892684e+00,  -1.06933617e-01,  -1.60272822e+00,  -3.05871813e+00,  -1.75499971e-01, 
             -2.10198225e+01,   6.72247898e-01,  -2.59601867e+00,   6.31717534e+00,   6.16098756e+00, 
             -2.74473856e+00,  -2.68076720e+00,  -2.36678717e-01,   1.66432747e+01,  -1.24062667e+01, 
              1.44652770e+01,  -5.09244983e-01,   4.28114803e+00,  -1.94854408e+00,   1.82140116e+00, 
             -1.45879057e+00,  -3.06987440e+00,  -7.24991244e+00,  -2.39052335e+00,   2.43981277e+00, 
              4.56356610e+00,   2.59574330e+00,  -2.12789884e+00,   3.63973571e-01,  -4.68685732e-01, 
             -1.79118810e+00,   2.67974374e+01,   2.32741500e+01,   1.61305944e+01,   3.60461853e-01, 
              3.94565476e+00,   4.53662581e+00,   1.39397761e+00,   6.67465533e-01,   2.27666115e+00, 
              6.14615833e+00,   1.46839454e+01,  -3.55189186e-01,   2.50473865e+00,   5.26573616e-01, 
              7.48636139e-01,   2.91810635e+00,  -4.42714447e+00,  -4.63083564e-01,  -8.74040826e+00, 
             -3.60829070e+00,   5.75364529e+00,  -5.07599126e+00,   5.90433112e-01,  -3.59520103e+00, 
              1.58778030e+00,  -5.90058819e-01,  -3.11759937e-01,  -1.36281425e+01,  -1.61732469e+00, 
              6.31783965e+00,   8.94896064e-01,  -3.12063689e+00,  -1.04176506e+00,   8.60262531e-01, 
             -4.90120366e+00,  -3.18357748e+00,   1.06299921e+01,  -9.03330377e+00,  -2.77494745e+01, 
              1.75889461e+00,  -3.02629714e+00,   4.24923231e-01,   1.93195995e+00,   5.15757676e-01, 
             -6.37732391e+00,   1.09930720e+01,   2.01153924e+01,  -1.86844134e+01,   6.20233596e-01, 
             -1.89889990e+00,  -4.99478096e-01,  -2.71220465e+00,   2.47255955e+00,   6.96795979e-01, 
              1.50124642e+01,   1.72043289e+00,  -6.54422602e+00,   1.55097243e+00,  -9.38713626e-01, 
              6.49560029e+00,  -6.18461467e+00,   1.53215255e+00,   7.76485562e-01,   7.84230160e+00, 
             -2.21550797e+01,  -1.03185480e+01,  -5.33019367e+00,  -8.35075054e-01,   5.60185194e+00, 
             -5.64358387e+00,   7.71161629e+00,  -1.24989994e+00,   3.49302035e+00,   1.06322158e+01, 
              6.10105463e+00,  -9.87039037e-01,   2.86260092e+00,   4.32623828e+00,   3.35218727e+00, 
              7.34884776e+00,  -2.99440226e+00,  -2.47057788e+01,  -6.24102617e+00,   6.95149021e+00, 
             -8.83185652e-01,   2.33659658e+00,   1.39869206e+00,  -2.62605812e-01,   9.16958065e-01, 
              8.45825448e-01,  -1.60290639e+01,  -2.97583018e+00,  -2.74459394e+00,  -2.51367874e+00, 
              4.25968205e+00,  -1.14453790e+00,   3.49249107e-01,  -3.50062103e+00,  -2.15655384e+00, 
              5.00053157e+00,  -1.07047872e+01,  -2.52602320e+00,   4.35388715e+00,  -2.02925688e-01, 
              2.85465692e-01,  -4.75206477e+00,   1.54197885e+00,  -4.19084616e+00,   1.91228516e+01, 
             -2.92829115e+00,  -1.07944501e+01,   9.27200145e-01,   3.10699534e+00,  -6.02158902e-01, 
              1.27635252e+00,   3.96443584e+00,   4.10168194e+00,   3.92702634e+00,   4.56891268e+00, 
             -7.75631719e+00,  -6.70631607e+00,  -2.54223228e+00,  -4.45727337e+00,   2.94802910e+00, 
             -5.61737513e+00,  -1.07412315e+00,   1.08221507e+01,   9.43732543e+00,  -9.61300403e+00, 
              5.49049168e-01,   5.44538783e-01,  -1.97287334e+00,   2.60006679e-01,  -4.14796170e+00, 
             -7.07792261e-01,  -1.39782465e+01,   1.66353065e+01,  -1.28965852e+01,   4.56207254e-01, 
              4.54660836e+00,   8.91974904e-01,  -7.71380135e-01,  -3.22357344e+00,  -3.17072972e+00, 
              1.36876979e+01,   3.41066148e+00,  -2.24159834e+01,   2.31882242e+00,   1.64744385e+00, 
             -7.35334789e+00,   3.64113251e-03,   2.94150261e+00,   2.08600429e+00,  -2.90509651e+01, 
              6.13925466e+00,  -2.05305043e+01,  -4.07729038e-02,   2.04711915e+00,  -3.70143796e+00, 
             -2.08351900e+00,   1.31943352e+00,   4.48452897e+00,  -1.03163453e+01,   1.31130489e+01, 
              7.31755618e+00,  -2.03200238e+00,  -3.51159656e+00,   5.82818275e-01,   5.73576302e+00, 
              2.19501817e+00,   9.11915240e-01,  -6.11021524e-01,   4.00210583e+00,  -1.65541046e+01, 
             -4.03352061e+00,  -1.16439640e-01,   4.00237412e+00,   1.83444975e+00,  -7.73618383e-01, 
              2.26074478e+00,   4.24138377e+00,   7.62658114e+00,   4.15169098e+00,   1.25461230e+00, 
              2.01062618e+00,  -2.01869962e+00,   1.53459033e+00,  -2.23114786e+00,  -1.43500671e+00, 
             -2.60029791e+01,  -7.10907305e-01,   1.55477138e+01,   4.74060824e+00,   5.76466569e+00, 
              5.40864896e-01,   7.87936026e-01,  -2.76645480e+00,  -1.60499625e+00,  -2.91864069e+01, 
              1.42787917e+01,   2.84253676e+01,  -5.41121516e+00,  -2.40421930e+00,  -5.87657268e-01, 
              5.65592372e-01,  -2.20257371e+00,  -1.28569553e+00,   1.05206782e+00,  -8.47317248e+00, 
             -5.41656722e+00,  -1.18136793e+00,  -1.23095064e-01,   3.11678737e+00,  -1.58908714e+00, 
              5.69003604e-01,   2.38935385e-01,   6.98210950e+00,  -1.05651143e+01,  -8.11611421e+00, 
             -2.36868055e+00,  -4.46481178e-01,   2.75231365e+00,  -2.96537348e+00,   6.49475308e-01, 
             -3.72093906e-01,   7.55665201e+00,  -1.47412045e+01,  -1.72829055e+01,   4.09426403e-01, 
             -4.60003395e+00,   1.26943809e+00,   6.66048228e+00,   4.56954546e+00,  -2.86203645e+00, 
             -2.74940360e+00,   2.10828072e+01,  -7.01448250e+00,  -1.00214740e+00,  -3.46501517e+00, 
              2.28739467e+00,   8.12643949e-01,   4.54549698e+00,   3.79741887e+00,  -4.36299430e+00, 
              9.68458737e+00,   5.84451548e+00,  -7.22404126e+00,  -2.71681816e+00,  -1.62897949e+00, 
              1.01762806e+00,   2.31750967e+00,  -2.01983598e+00,  -9.29909027e+00,   1.61834174e+01, 
              6.97419602e+00,  -1.81653039e+00,  -1.77124546e+00,   2.10019308e+00,  -1.51444213e+00, 
             -2.15540963e+00,  -2.96199544e+00,  -3.75867073e+00,  -9.47341986e+00,  -1.56768912e+01, 
              4.42313062e+00,  -6.56628112e+00,  -2.05547623e+00,   8.23609305e-01,  -9.08867193e-01, 
              2.04686937e+00,   1.38164083e+01,   8.51743908e+00,   4.35867039e+00,   3.58211579e-01, 
              3.24247538e+00,  -8.45275771e-01,  -7.26083819e-01,  -2.23165721e+00,   1.85195935e+00, 
             -1.09543444e+01,  -3.21337619e+00,   3.05356285e+01,   2.53586968e+00,  -7.14210017e-01, 
             -2.13620747e+00,  -1.55914741e+00,  -3.42987906e+00,   2.81626149e+00,   3.06273469e-01, 
             -1.24615119e+01,   5.14395461e+00,   4.04706085e+00,   4.13918847e+00,  -7.38570303e+00, 
              2.47598624e+00,  -3.94551083e+00,   2.88581415e+00,  -6.20757159e+00,  -1.81845331e+00, 
             -9.21460996e+00,  -3.67958481e-01,  -1.19899285e+00,  -9.35848671e+00,  -2.36758406e-02, 
             -5.06063277e-02,   3.07788627e+00,   4.33965179e+00,   5.03172284e+00,  -1.24596630e+01, 
              1.93086731e+00,   4.32357990e+00,   5.37269637e-02,  -3.23516808e+00,  -4.24203566e+00, 
             -1.53645273e+00,   1.05883524e+01,   2.55031645e-01,  -2.22537332e+00,   3.33932013e+00, 
             -4.73225532e-01,  -7.46843310e-01,   6.24464833e-01,   2.95489842e+00,  -1.05304332e+00, 
             -1.03704877e+01,   7.10456720e-01,   1.83501887e+01,  -8.24303683e-01,   3.31850056e+00, 
              3.66385464e+00,  -1.39322185e+00,   6.17240428e+00,  -9.77833323e-01,  -1.31276241e+01, 
             -1.27735024e+01,   1.75141650e+00,  -2.21140572e+00,   6.48252719e+00,   1.03564480e-01, 
             -1.29985061e+00,  -7.97700443e-01,   1.59732110e+00,  -1.19180297e+01,  -2.78976883e+01, 
              1.06310894e-02,   1.24487500e+00,  -1.46938336e+00,  -6.28751626e-01,  -4.28793863e-01, 
             -3.06461957e+00,  -3.70853894e+00,   2.77398176e+01,  -7.71253557e-01,  -5.35837585e+00, 
             -1.10879332e-01,  -9.10724454e-02,   3.19110709e-01,   4.14278893e+00,   1.92936436e+00, 
              1.73524555e+00,  -4.15581157e+00,  -7.13595568e+00,   7.04627792e+00,   1.84208111e+00, 
              4.62343242e-01,  -2.35114229e+00,  -3.28970623e-01,   1.03813836e-01,   2.42831040e+00, 
              2.28771588e+01,  -1.53381383e+01,  -1.29773331e+01,   2.45024054e-02,   6.37031264e+00, 
             -1.74175020e+00,  -5.70486093e+00,   1.81447158e+00,  -2.10878573e+00,  -1.44117848e+01, 
             -3.74187250e+00,   7.48455643e+00,  -1.65586683e+00,   3.89505103e+00,   1.49222938e+00, 
              2.99472308e+00,   1.59499668e-02,  -3.12169318e+00,   1.62784734e+00,   4.71938570e+00, 
              2.79578315e+01,  -3.01305405e+00,  -5.06666051e+00,  -4.74274989e+00,   2.74289776e+00, 
              5.19956101e-01,  -8.73983121e+00,   1.43867004e+01,  -3.01008199e+01,   2.98634653e+00, 
             -2.16729478e+00,   6.58002024e+00,  -1.17671029e+00,  -2.02307350e+00,   2.34766157e+00, 
             -1.99137671e+00,   1.29456245e+01,   2.65415571e+00,   5.18916211e+00,  -2.68550367e+00, 
             -2.03835106e+00,   8.14413854e-01,  -2.25217930e+00,   2.43748005e+00,   1.87684739e+00, 
             -9.77452104e+00,   1.58778942e+01,   8.52748146e-01,   1.26051453e+00,   3.63993761e+00, 
             -1.78941261e+00,   5.15951397e+00,  -2.81012509e+00,  -4.50213226e+00,   5.68411110e+00, 
             -3.69996933e+00,   1.57262927e+00,  -3.62240078e+00,  -4.88895641e+00,  -4.56356759e-01, 
             -1.84964629e-01,   2.66708325e+00,  -2.38408257e+00,   1.54877417e+01,   1.27803864e+00, 
             -1.18086018e+01,  -1.53343307e+00,   1.67773240e-01,   6.17965974e+00,  -3.86947735e+00, 
              6.54536744e-01,   1.24203941e+00,  -4.68310385e+00,  -1.41871989e+01,   2.10147633e+01, 
              1.68068862e+00,  -3.25038889e+00,  -7.86046419e-01,   2.55916912e+00,  -2.99323975e+00, 
             -2.34401392e+00,  -1.24827579e+01,   1.99213633e+00,  -5.52792592e+00,  -1.74903933e+00, 
              2.93264957e+00,   5.75547093e-01,  -1.67750526e+00,   8.91609386e-01,  -9.20263401e-02, 
             -1.78655141e+01,  -1.12360815e+01,  -3.76454609e+01,   1.32380565e+00,  -4.27610685e+00, 
             -4.32268244e+00,  -1.78015125e-01,  -1.03702116e-01,   3.07493673e+00,  -8.72897779e+00, 
             -1.89665700e+01,  -1.41098516e+01,   1.11260742e+00,  -5.38309040e+00,  -2.07902542e-01, 
             -5.19709806e-01,  -1.17659027e+00,   3.10767376e+00,   1.30588406e+01,   1.10015203e+01, 
              7.26349786e+00,  -1.98040988e+00,  -2.24943369e-01,   4.33788163e+00,  -1.22547020e+00, 
              5.33123348e+00,   3.68675082e+00,  -2.61840673e+00,  -3.95786828e+00,  -8.52728877e+00, 
              4.61211482e+00,  -6.10430839e-01,   2.23650866e+00,   5.77525512e-02,  -3.23099873e+00, 
              9.30130639e+00,   5.47608830e+00,  -4.10192254e+00,  -2.05753595e-01,   2.33802651e+00, 
              7.63190344e-01,   4.37329242e-01,  -5.39433060e-01,   4.32753509e+00,  -5.15879227e+00, 
             -2.28955640e+00,  -8.89695061e+00,   5.65584205e-01,  -1.13070316e-01,   1.92715721e+00, 
             -5.76482958e+00,   9.25830179e-02,   1.65941481e+00,  -1.94770580e+00,   1.20292631e+01, 
              1.92636271e+01,  -1.22281658e+00,  -3.92778331e-01,   3.92481678e+00,  -5.06110370e-02, 
             -7.07330932e+00,  -6.32455171e+00,  -2.50823453e+00,  -1.67307535e+01,  -1.56571692e+01, 
             -2.84388019e+00,  -2.65998900e+00,   3.88541231e-01,   4.04128780e+00,   2.72763265e+00, 
              1.95593232e+00,   9.40984237e-01,   2.49178743e-01,   1.52599018e+01,   6.99797941e+00, 
             -2.92012530e+00,   7.04030815e+00,  -3.99849851e+00,   5.58239277e+00,  -4.34343090e+00, 
             -1.30079931e+00,   7.26154455e+00,   1.55797947e+01,   4.95385784e+00,   2.70169063e+00, 
             -2.11047639e+00,   2.40347354e+00,  -3.22349632e+00,   4.29595964e+00,  -1.17878006e+00, 
              4.26260924e+00,   2.77937807e+00,   9.76188369e+00,   9.80017611e+00,  -4.01744478e+00, 
             -2.51051238e+00,   2.45704267e+00,   3.26326111e-01,   7.78424520e+00,  -4.45697732e+00, 
             -1.66003657e+00,   2.25675717e+01,  -2.70929406e+00,   3.17990662e+00,  -4.49832120e-01, 
             -2.11178431e+00,  -2.97722561e-01,  -3.25440220e+00,  -1.31527683e+00,  -1.52763058e+01, 
             -1.52385798e+01,   9.62274530e-01,  -7.73529282e-01,  -4.20073669e-02,   2.42433834e+00, 
             -2.58201007e+00,   5.21508990e+00,   1.15298863e+01,  -2.03663920e+01,   4.93564031e+00, 
             -4.23366724e+00,  -4.44097164e-02,  -2.15492249e+00,   5.40659694e+00,   3.22769758e+00, 
             -1.77926372e+00,   3.72572378e-01,  -4.13549541e+00,  -4.31437383e+00,   2.87476514e+00, 
             -3.63558892e+00,   1.31790483e+00,   3.82384795e+00,  -9.18447632e-01,  -2.12762222e+00, 
             -1.55795193e+01,   2.02546413e+00,  -9.60771089e-01,  -2.27636913e+00,   2.57928444e+00, 
              1.01667382e+00,  -1.90911646e+00,  -5.55543605e+00,  -5.12954971e+00,   1.62650227e+01, 
              2.24272431e+01,   1.35602502e+01,  -3.54538882e-02,   1.16034360e-02,  -2.45797363e+00, 
              5.43581389e+00,   4.10763983e+00,   1.53997796e+00,   4.87407466e+00,  -6.36372939e+00, 
              6.42659333e+00,  -4.51345426e+00,   3.01103554e+00,  -1.74544452e+00,   5.53493496e-01, 
              1.85095850e+00,  -1.52833355e+00,   7.08746549e+00,   1.30706994e+01,  -1.28698411e+01, 
              2.48205349e+00,  -4.26187814e+00,  -3.86892376e+00,   2.48677640e-01,  -1.54380332e+00, 
              1.41945278e+00,   2.32507709e+01,   5.35470609e+00,   1.68866629e+01,   4.65373735e+00, 
             -4.53891405e+00,   4.48183399e+00,   4.43854152e+00,  -5.56297387e-01,  -2.76863548e+00, 
              8.36412787e+00,  -7.27178979e+00,  -6.33965848e+00,  -5.27893142e+00,  -2.67667399e-01, 
              2.49746217e+00,   7.80664002e-01,   1.92449599e+00,   1.07289145e-01,   5.54411292e+00, 
             -1.81699906e+01,  -3.54509363e+00,  -1.81345588e+00,  -2.13117946e+00,   2.62742318e+00, 
             -2.05959175e+00,   1.53994956e+00,   5.37186915e+00,  -4.19253685e+01,  -5.59232901e+00, 
             -9.10129132e+00,  -4.94002222e+00,  -3.11568858e+00,  -3.64726737e+00,  -4.11099331e+00, 
             -9.21957375e-01,  -6.50007650e+00,  -1.68454307e+01,   1.45994838e+01,  -1.57975651e+01, 
             -1.48453292e+00,  -4.85849036e+00,   1.19962538e+00,   1.80238166e+00,   6.15983124e+00, 
             -2.18430084e+00,  -3.87372126e+00,   1.20226609e+01,   9.48605477e+00,  -6.01387169e-01, 
              6.01334356e+00,   2.08305526e+00,   4.26429513e+00,   5.14909323e-01,   1.99334336e+00, 
              2.32634803e+01,  -7.87062488e+00,   9.85072969e+00,   1.30568923e+00,  -1.02528936e+00, 
             -4.64171375e-01,  -4.99213162e-01,  -6.57004823e-01,   3.19895123e+00,   3.42854142e+00, 
             -3.53889897e+00,   2.50868384e+01,   2.90282031e+00,  -3.19966509e+00,  -7.26708010e-02, 
             -2.55932813e+00,   1.82118753e-01,   1.86067800e+00 ]
         </p>
         <m shape='(96)'>
          [   2.91651223e+04,   1.83736223e+03,   1.83736223e+03,   2.91651223e+04,   1.83736223e+03, 
              1.83736223e+03,   2.91651223e+04,   1.83736223e+03,   1.83736223e+03,   2.91651223e+04, 
              1.83736223e+03,   1.83736223e+03,   2.91651223e+04,   1.83736223e+03,   1.83736223e+03, 
              2.91651223e+04,   1.83736223e+03,   1.83736223e+03,   2.91651223e+04,   1.83736223e+03, 
              1.83736223e+03,   2.91651223e+04,   1.83736223e+03,   1.83736223e+03,   2.91651223e+04, 
              1.83736223e+03,   1.83736223e+03,   2.91651223e+04,   1.83736223e+03,   1.83736223e+03, 
              2.91651223e+04,   1.83736223e+03,   1.83736223e+03,   2.91651223e+04,   1.83736223e+03, 
              1.83736223e+03,   2.91651223e+04,   1.83736223e+03,   1.83736223e+03,   2.91651223e+04, 
              1.83736223e+03,   1.83736223e+03,   2.91651223e+04,   1.83736223e+03,   1.83736223e+03, 
              2.91651223e+04,   1.83736223e+03,   1.83736223e+03,   2.91651223e+04,   1.83736223e+03, 
              1.83736223e+03,   2.91651223e+04,   1.83736223e+03,   1.83736223e+03,   2.91651223e+04, 
              1.83736223e+03,   1.83736223e+03,   2.91651223e+04,   1.83736223e+03,   1.83736223e+03, 
              2.91651223e+04,   1.83736223e+03,   1.83736223e+03,   2.91651223e+04,   1.83736223e+03, 
              1.83736223e+03,   2.91651223e+04,   1.83736223e+03,   1.83736223e+03,   2.91651223e+04, 
              1.83736223e+03,   1.83736223e+03,   2.91651223e+04,   1.83736223e+03,   1.83736223e+03, 
              2.91651223e+04,   1.83736223e+03,   1.83736223e+03,   2.91651223e+04,   1.83736223e+03, 
              1.83736223e+03,   2.91651223e+04,   1.83736223e+03,   1.83736223e+03,   2.91651223e+04, 
              1.83736223e+03,   1.83736223e+03,   2.91651223e+04,   1.83736223e+03,   1.83736223e+03, 
              2.91651223e+04,   1.83736223e+03,   1.83736223e+03,   2.91651223e+04,   1.83736223e+03, 
              1.83736223e+03 ]
         </m>
         <names shape='(96)'>
          [ O, H, H, O, H, 
            H, O, H, H, O, 
            H, H, O, H, H, 
            O, H, H, O, H, 
            H, O, H, H, O, 
            H, H, O, H, H, 
            O, H, H, O, H, 
            H, O, H, H, O, 
            H, H, O, H, H, 
            O, H, H, O, H, 
            H, O, H, H, O, 
            H, H, O, H, H, 
            O, H, H, O, H, 
            H, O, H, H, O, 
            H, H, O, H, H, 
            O, H, H, O, H, 
            H, O, H, H, O, 
            H, H, O, H, H, 
            O, H, H, O, H, 
            H ]
         </names>
      </beads>
      <motion mode='dynamics'>
         <dynamics mode='nvt'>
            <timestep>  1.03353433e+01</timestep>
            <thermostat mode='langevin'>
               <tau>  4.13413730e+03</tau>
               <ethermo> -1.47826178e+01</ethermo>
            </thermostat>
         </dynamics>
      </motion>
      <forces>
         <force forcefield='force-provider'>
         </force>
      </forces>
      <ensemble>
         <temperature>  9.43710930e-04</temperature>
         <eens>  1.06007353e+01</eens>
      </ensemble>
   </system>
</simulation>
