 1.00000000e-02 0.00000000e+00
3.00000000e-02 0.00000000e+00
5.00000000e-02 0.00000000e+00
7.00000000e-02 0.00000000e+00
9.00000000e-02 0.00000000e+00
1.10000000e-01 0.00000000e+00
1.30000000e-01 0.00000000e+00
1.50000000e-01 0.00000000e+00
1.70000000e-01 0.00000000e+00
1.90000000e-01 0.00000000e+00
2.10000000e-01 0.00000000e+00
2.30000000e-01 0.00000000e+00
2.50000000e-01 0.00000000e+00
2.70000000e-01 0.00000000e+00
2.90000000e-01 0.00000000e+00
3.10000000e-01 0.00000000e+00
3.30000000e-01 0.00000000e+00
3.50000000e-01 0.00000000e+00
3.70000000e-01 0.00000000e+00
3.90000000e-01 0.00000000e+00
4.10000000e-01 0.00000000e+00
4.30000000e-01 0.00000000e+00
4.50000000e-01 0.00000000e+00
4.70000000e-01 0.00000000e+00
4.90000000e-01 0.00000000e+00
5.10000000e-01 0.00000000e+00
5.30000000e-01 0.00000000e+00
5.50000000e-01 0.00000000e+00
5.70000000e-01 0.00000000e+00
5.90000000e-01 0.00000000e+00
6.10000000e-01 0.00000000e+00
6.30000000e-01 0.00000000e+00
6.50000000e-01 0.00000000e+00
6.70000000e-01 0.00000000e+00
6.90000000e-01 0.00000000e+00
7.10000000e-01 0.00000000e+00
7.30000000e-01 0.00000000e+00
7.50000000e-01 0.00000000e+00
7.70000000e-01 0.00000000e+00
7.90000000e-01 0.00000000e+00
8.10000000e-01 0.00000000e+00
8.30000000e-01 0.00000000e+00
8.50000000e-01 0.00000000e+00
8.70000000e-01 0.00000000e+00
8.90000000e-01 0.00000000e+00
9.10000000e-01 0.00000000e+00
9.30000000e-01 0.00000000e+00
9.50000000e-01 0.00000000e+00
9.70000000e-01 0.00000000e+00
9.90000000e-01 0.00000000e+00
1.01000000e+00 0.00000000e+00
1.03000000e+00 0.00000000e+00
1.05000000e+00 0.00000000e+00
1.07000000e+00 0.00000000e+00
1.09000000e+00 0.00000000e+00
1.11000000e+00 0.00000000e+00
1.13000000e+00 0.00000000e+00
1.15000000e+00 0.00000000e+00
1.17000000e+00 0.00000000e+00
1.19000000e+00 0.00000000e+00
1.21000000e+00 0.00000000e+00
1.23000000e+00 0.00000000e+00
1.25000000e+00 0.00000000e+00
1.27000000e+00 0.00000000e+00
1.29000000e+00 0.00000000e+00
1.31000000e+00 0.00000000e+00
1.33000000e+00 0.00000000e+00
1.35000000e+00 0.00000000e+00
1.37000000e+00 0.00000000e+00
1.39000000e+00 0.00000000e+00
1.41000000e+00 0.00000000e+00
1.43000000e+00 0.00000000e+00
1.45000000e+00 0.00000000e+00
1.47000000e+00 0.00000000e+00
1.49000000e+00 0.00000000e+00
1.51000000e+00 0.00000000e+00
1.53000000e+00 0.00000000e+00
1.55000000e+00 0.00000000e+00
1.57000000e+00 0.00000000e+00
1.59000000e+00 0.00000000e+00
1.61000000e+00 0.00000000e+00
1.63000000e+00 0.00000000e+00
1.65000000e+00 0.00000000e+00
1.67000000e+00 0.00000000e+00
1.69000000e+00 0.00000000e+00
1.71000000e+00 0.00000000e+00
1.73000000e+00 0.00000000e+00
1.75000000e+00 0.00000000e+00
1.77000000e+00 0.00000000e+00
1.79000000e+00 0.00000000e+00
1.81000000e+00 0.00000000e+00
1.83000000e+00 0.00000000e+00
1.85000000e+00 0.00000000e+00
1.87000000e+00 0.00000000e+00
1.89000000e+00 0.00000000e+00
1.91000000e+00 0.00000000e+00
1.93000000e+00 0.00000000e+00
1.95000000e+00 0.00000000e+00
1.97000000e+00 0.00000000e+00
1.99000000e+00 0.00000000e+00
2.01000000e+00 0.00000000e+00
2.03000000e+00 0.00000000e+00
2.05000000e+00 0.00000000e+00
2.07000000e+00 0.00000000e+00
2.09000000e+00 0.00000000e+00
2.11000000e+00 0.00000000e+00
2.13000000e+00 0.00000000e+00
2.15000000e+00 0.00000000e+00
2.17000000e+00 0.00000000e+00
2.19000000e+00 0.00000000e+00
2.21000000e+00 0.00000000e+00
2.23000000e+00 0.00000000e+00
2.25000000e+00 0.00000000e+00
2.27000000e+00 0.00000000e+00
2.29000000e+00 0.00000000e+00
2.31000000e+00 0.00000000e+00
2.33000000e+00 0.00000000e+00
2.35000000e+00 0.00000000e+00
2.37000000e+00 0.00000000e+00
2.39000000e+00 0.00000000e+00
2.41000000e+00 0.00000000e+00
2.43000000e+00 0.00000000e+00
2.45000000e+00 1.69265688e-07
2.47000000e+00 3.69303584e-05
2.49000000e+00 1.30589000e-04
2.51000000e+00 2.96385040e-04
2.53000000e+00 9.53359598e-04
2.55000000e+00 3.13724798e-03
2.57000000e+00 8.74710160e-03
2.59000000e+00 2.00102138e-02
2.61000000e+00 3.92784699e-02
2.63000000e+00 7.06699412e-02
2.65000000e+00 1.20512307e-01
2.67000000e+00 1.89461058e-01
2.69000000e+00 2.73567323e-01
2.71000000e+00 3.80275824e-01
2.73000000e+00 5.13746009e-01
2.75000000e+00 6.61683413e-01
2.77000000e+00 8.25147930e-01
2.79000000e+00 1.00746948e+00
2.81000000e+00 1.18270802e+00
2.83000000e+00 1.33652555e+00
2.85000000e+00 1.48266442e+00
2.87000000e+00 1.62959934e+00
2.89000000e+00 1.77657013e+00
2.91000000e+00 1.90603586e+00
2.93000000e+00 2.00336385e+00
2.95000000e+00 2.06874366e+00
2.97000000e+00 2.10980353e+00
2.99000000e+00 2.14415765e+00
3.01000000e+00 2.17487508e+00
3.03000000e+00 2.19017112e+00
3.05000000e+00 2.18037199e+00
3.07000000e+00 2.15445633e+00
3.09000000e+00 2.12304181e+00
3.11000000e+00 2.08390594e+00
3.13000000e+00 2.04643236e+00
3.15000000e+00 2.01793266e+00
3.17000000e+00 1.99004895e+00
3.19000000e+00 1.95629653e+00
3.21000000e+00 1.91672751e+00
3.23000000e+00 1.87380193e+00
3.25000000e+00 1.83084947e+00
3.27000000e+00 1.79342867e+00
3.29000000e+00 1.76011886e+00
3.31000000e+00 1.72296389e+00
3.33000000e+00 1.69007758e+00
3.35000000e+00 1.65988616e+00
3.37000000e+00 1.62064790e+00
3.39000000e+00 1.58081545e+00
3.41000000e+00 1.54008021e+00
3.43000000e+00 1.49992193e+00
3.45000000e+00 1.47307675e+00
3.47000000e+00 1.45529427e+00
3.49000000e+00 1.43387190e+00
3.51000000e+00 1.40179864e+00
3.53000000e+00 1.36881854e+00
3.55000000e+00 1.34288120e+00
3.57000000e+00 1.31788272e+00
3.59000000e+00 1.29475568e+00
3.61000000e+00 1.27345938e+00
3.63000000e+00 1.25349772e+00
3.65000000e+00 1.23833962e+00
3.67000000e+00 1.22256432e+00
3.69000000e+00 1.20097831e+00
3.71000000e+00 1.18373390e+00
3.73000000e+00 1.17561029e+00
3.75000000e+00 1.16654088e+00
3.77000000e+00 1.15942828e+00
3.79000000e+00 1.15235782e+00
3.81000000e+00 1.13419160e+00
3.83000000e+00 1.11297311e+00
3.85000000e+00 1.09465335e+00
3.87000000e+00 1.07646822e+00
3.89000000e+00 1.06044678e+00
3.91000000e+00 1.04574056e+00
3.93000000e+00 1.03057209e+00
3.95000000e+00 1.01509111e+00
3.97000000e+00 1.00138049e+00
3.99000000e+00 9.89640255e-01
4.01000000e+00 9.75071041e-01
4.03000000e+00 9.59801532e-01
4.05000000e+00 9.51498040e-01
4.07000000e+00 9.50186081e-01
4.09000000e+00 9.47161171e-01
4.11000000e+00 9.40805024e-01
4.13000000e+00 9.36989028e-01
4.15000000e+00 9.35212640e-01
4.17000000e+00 9.33456594e-01
4.19000000e+00 9.32869055e-01
4.21000000e+00 9.30035704e-01
4.23000000e+00 9.25424799e-01
4.25000000e+00 9.28113745e-01
4.27000000e+00 9.33706527e-01
4.29000000e+00 9.32025220e-01
4.31000000e+00 9.25532116e-01
4.33000000e+00 9.23111170e-01
4.35000000e+00 9.25941933e-01
4.37000000e+00 9.25819896e-01
4.39000000e+00 9.18856054e-01
4.41000000e+00 9.10112252e-01
4.43000000e+00 9.06228523e-01
4.45000000e+00 9.07511384e-01
4.47000000e+00 9.12556896e-01
4.49000000e+00 9.20578593e-01
4.51000000e+00 9.24955583e-01
4.53000000e+00 9.22857162e-01
4.55000000e+00 9.20031582e-01
4.57000000e+00 9.16228493e-01
4.59000000e+00 9.12403907e-01
4.61000000e+00 9.11594609e-01
4.63000000e+00 9.09853581e-01
4.65000000e+00 9.03848441e-01
4.67000000e+00 8.96072325e-01
4.69000000e+00 8.95727648e-01
4.71000000e+00 9.02589776e-01
4.73000000e+00 9.05991618e-01
4.75000000e+00 9.02579481e-01
4.77000000e+00 8.95766903e-01
4.79000000e+00 8.91125672e-01
4.81000000e+00 8.90451629e-01
4.83000000e+00 8.90554371e-01
4.85000000e+00 8.92491012e-01
4.87000000e+00 8.97588589e-01
4.89000000e+00 9.01194174e-01
4.91000000e+00 9.02911300e-01
4.93000000e+00 9.03280937e-01
4.95000000e+00 9.01714872e-01
4.97000000e+00 9.02489022e-01
4.99000000e+00 9.04876498e-01
