<simulation verbosity='medium'>
   <step>250000</step>
   <total_steps>250000</total_steps>
   <output prefix=''>
      <properties stride='20' shape='(7)' filename='example.out'>
       [ step, time{picosecond}, conserved{kelvin}, temperature{kelvin}, kinetic_cv{kelvin}, 
         potential{kelvin}, pressure_cv{megapascal} ]
      </properties>
      <trajectory filename='example.pos' stride='20' cell_units='angstrom'>positions{angstrom}</trajectory>
      <trajectory filename='example.xc' stride='20' cell_units='angstrom'>x_centroid{angstrom}</trajectory>
   </output>
   <prng>
      <set_pos>360</set_pos>
      <state shape='(624)'>
       [ 1019721697, 391478638, 1666295556, 2815515867, 1711161358, 
         2695453394, 3802133478, 1053531184, 99378546, 1861260992, 
         241144265, 1882844538, 1485697432, 2067129493, 1912630897, 
         1161451320, 4127155722, 3981203249, 3132683671, 4110073615, 
         1880642234, 4264124380, 3000502303, 2376082494, 2237611052, 
         2829601738, 1328945533, 2479225266, 2347137711, 995774338, 
         4046022820, 2795617963, 3251805448, 2883566546, 3045226919, 
         840123677, 91610484, 4248276044, 3245646626, 2013678426, 
         2045080552, 1257958506, 1002163566, 3183590898, 1234859935, 
         2803132821, 140168547, 770161256, 1903963810, 994489579, 
         2762544529, 249738084, 882524960, 513001942, 721382158, 
         4079704431, 3154803306, 3624837310, 2295938400, 751758699, 
         919202841, 3278100563, 3201650918, 3543120969, 2174363476, 
         4290333122, 3990709641, 3293148974, 3065967966, 3952640816, 
         2446737023, 676840353, 2243284480, 1833724797, 698586420, 
         285907948, 909766297, 3730633953, 73621274, 3202548988, 
         3561087039, 4090280325, 4206788326, 494312809, 938183105, 
         2070814491, 1516702566, 3228035754, 2846345172, 201971439, 
         628771710, 3705048682, 2536691230, 539587201, 1759636067, 
         3244587682, 4236305906, 1111649166, 1148634609, 776045421, 
         4236662941, 277711575, 712349528, 3861871822, 758281476, 
         2639743883, 670357160, 371679666, 4005842278, 211320575, 
         410829491, 3440679180, 919534505, 227986393, 3654095527, 
         1529090804, 1265747644, 2873921321, 4123062778, 3243342141, 
         4159032198, 2262670950, 3375338987, 230081554, 31073262, 
         771896657, 3362417548, 630617007, 232544542, 1275533856, 
         404168082, 2219859434, 977701327, 2578522426, 3790974283, 
         1290827389, 3870708874, 3074893223, 1398799727, 432842309, 
         51385301, 995202741, 2454465163, 2650133669, 18298619, 
         2340030875, 1878102568, 3405747208, 32806428, 2597477136, 
         2708081232, 1644321196, 272935014, 1900137207, 3858434716, 
         3884544032, 1866792240, 3727872534, 1938321080, 2108214783, 
         528286143, 1211988180, 29278227, 2562175275, 3162758140, 
         624765825, 1879742175, 3619718066, 4226692039, 1883499933, 
         4278873267, 2642008191, 3453816775, 3296407628, 94589511, 
         73952072, 814833483, 3524232541, 245627785, 3904743205, 
         3671339910, 407298087, 4212078467, 1720237516, 3769172706, 
         3360223207, 3191807087, 4291169629, 1826367196, 3262642752, 
         2684925881, 117243080, 865707061, 3823447185, 3763437112, 
         2288875437, 2629383800, 558244419, 211345715, 1516985659, 
         2642474009, 477196475, 617234006, 373661959, 2358045996, 
         666088202, 1190934425, 3038322220, 3339857574, 1271342942, 
         558987049, 3181762805, 3659336437, 1223127779, 2736116915, 
         675280053, 3392928277, 3148127969, 2543154442, 3146115863, 
         3901891706, 2392340621, 1331590753, 2850546020, 3983954871, 
         2853320698, 1838249346, 3131562888, 1612116803, 2541822316, 
         614589268, 3757075745, 1974947651, 1849729530, 2533800790, 
         1227297987, 2668653268, 150895717, 2028961423, 2541007186, 
         3033773069, 3539773973, 3434868232, 2468862439, 4163814471, 
         2165187200, 2144851111, 2285513770, 1467037472, 3046372027, 
         376843606, 2568281630, 3126012609, 3737403758, 304997689, 
         1924158767, 4105937177, 3579412514, 4250593429, 3837037329, 
         3963776707, 3545896979, 1406627356, 2314806303, 3220830040, 
         3560442030, 667344803, 1603616799, 3069156463, 3888975775, 
         2988982590, 2928646608, 497036262, 3402503145, 3299520048, 
         1050943386, 2425195169, 2743152392, 1116983747, 3301869584, 
         1301231294, 4114560228, 3054218864, 1660850824, 4112323456, 
         2739230128, 52849413, 1158582142, 733609960, 3368634137, 
         3671745687, 2843474064, 4036505303, 3576312712, 1978826784, 
         884636388, 3367707324, 1587326693, 2954665979, 4016181947, 
         647821478, 1104619050, 2164464537, 359424715, 2951901242, 
         2907753328, 1090930505, 351920198, 2683312291, 2427221011, 
         677550297, 1767976051, 2293080853, 2390570435, 751100132, 
         487562839, 293490974, 3142232895, 519228554, 3190047173, 
         3955176846, 1203481897, 3206903391, 2737278094, 4263717500, 
         509735345, 2915763356, 3014403024, 650177736, 1588166494, 
         1090845493, 59815918, 4123420805, 1108131543, 3933462588, 
         2673817644, 2255372622, 1816603717, 3868471473, 163434604, 
         665675912, 3182613650, 3681476997, 2004440654, 3164714991, 
         376866663, 4246680436, 1197091081, 2496110222, 3676633584, 
         545013055, 400115392, 3558273711, 1551802364, 2853301945, 
         3986314635, 1208613966, 1873346590, 3823508497, 1893437716, 
         2657366367, 1052286937, 2136940146, 1679869521, 1590269573, 
         3336769324, 2994515632, 157401389, 2582371998, 3733633569, 
         2548899583, 3304119687, 1133860141, 798549512, 734609574, 
         474010460, 2204684976, 921659689, 1863026192, 3251372499, 
         620006262, 3517969283, 1633702813, 2858924700, 4158897087, 
         254059145, 2572039715, 3196505470, 351488033, 288193045, 
         4170337724, 500477773, 1211591762, 2457340285, 3487074832, 
         2589714, 2577583731, 3380047020, 2883349329, 3761426285, 
         372635914, 2003703579, 886351105, 591574671, 1044060722, 
         1348877702, 2240153538, 3248481431, 571616233, 3474921011, 
         2731977425, 2894820723, 1196758919, 1800079664, 4245200826, 
         3659828692, 864396091, 3974386886, 1775162598, 1194998515, 
         3860064274, 1720673650, 3864747287, 1663804280, 705701979, 
         1560214418, 3161504476, 4191832765, 3413476214, 2330310901, 
         3239609333, 696219363, 480799535, 1077755709, 108635532, 
         2671942600, 290694108, 1935832047, 2575523275, 502804706, 
         667885933, 1009829149, 1361019434, 4140284366, 3832043481, 
         238764610, 3026467719, 4246072196, 379838035, 4294222617, 
         1633255171, 3546924461, 3396421601, 816040972, 2393043223, 
         2006306766, 1589393314, 118745367, 4094461793, 2328613447, 
         1252808581, 3357705395, 827790880, 2855580365, 2704399490, 
         3809673879, 341606348, 2093304659, 2883146713, 431866838, 
         3781129253, 560682162, 1084188545, 1859748048, 2047038855, 
         4028843441, 365780708, 2046285947, 1541469658, 886606154, 
         1739354704, 1125675359, 902519623, 3013418067, 1887204024, 
         2157583527, 53146715, 836640599, 3537817871, 2905504217, 
         3489930358, 1658240911, 3579461070, 757022892, 2971825492, 
         929177782, 2716862129, 2692424581, 3944984213, 1037352222, 
         3240328575, 50003316, 2840991157, 3772114439, 967497539, 
         1813461836, 1038160612, 3485715792, 22675031, 2041890415, 
         387289739, 1389864322, 1396961797, 1886350780, 3184200284, 
         4161743536, 2531510107, 1865406449, 607612418, 890154639, 
         589172080, 4101409167, 74481843, 1741315485, 3786107090, 
         4082902819, 360259083, 2651876534, 3146627466, 3841100285, 
         3683142274, 1525920613, 2165806448, 2882457984, 3730889001, 
         1219627747, 3191293262, 3922131851, 2502317155, 549963008, 
         1772769985, 2970497906, 352582037, 3668376107, 562264681, 
         2364614600, 1049175998, 1980333552, 601847583, 420066396, 
         2948205015, 3026854856, 3003901718, 4033844148, 3574064884, 
         3536910973, 1241017600, 2962205511, 620019892, 16911680, 
         2559872449, 1895340627, 724699604, 3698809476, 2980113302, 
         1473048081, 379004643, 680770943, 1507982996, 2266684207, 
         2413406829, 2606266126, 1495076629, 2198884647, 647416804, 
         3344935316, 578265451, 2265184743, 1788887580, 2979321323, 
         62848637, 1015780148, 877069600, 916344193, 541063982, 
         2418371151, 124387275, 4089944557, 1909250035, 3702600852, 
         365486740, 1890197237, 1789986889, 1257506419, 3889920892, 
         3335024735, 308365443, 533886229, 459575118, 1830906369, 
         2311348072, 3856394963, 3309306664, 3921850099, 3532524370, 
         3410453512, 202072833, 3942573758, 319792286, 1737522246, 
         2219442119, 2085681018, 3309309585, 1603482942, 1906831452, 
         235278921, 524798263, 2112474198, 3325396684, 3460583371, 
         961820134, 2361956458, 2479517751, 1590273372 ]
      </state>
      <seed>12345</seed>
   </prng>
   <ffsocket mode='unix' name='force-provider'>
      <address>ex2-2</address>
   </ffsocket>
   <system>
      <cell shape='(3, 3)'>
       [   1.98402400e+01,   1.21486432e-15,   1.21486432e-15,   0.00000000e+00,   1.98402400e+01, 
           1.21486432e-15,   0.00000000e+00,   0.00000000e+00,   1.98402400e+01 ]
      </cell>
      <beads natoms='96' nbeads='1'>
         <q shape='(1, 288)'>
          [   1.35019240e+01,  -4.04518589e+01,  -1.95916645e+01,   1.50203538e+01,  -3.96977115e+01, 
             -2.01631085e+01,   1.39129006e+01,  -4.18690578e+01,  -1.85003776e+01,  -3.86147821e+01, 
              3.29738081e+01,   2.07797839e+00,  -3.76009998e+01,   3.26339196e+01,   6.01921498e-01, 
             -3.75893442e+01,   3.20700870e+01,   3.33906948e+00,  -1.82085521e+01,  -3.42203359e+01, 
              7.61300233e+00,  -1.87552373e+01,  -3.53969746e+01,   8.88427480e+00,  -1.68417895e+01, 
             -3.49418538e+01,   6.73662424e+00,  -1.55100590e+01,   8.19662797e+00,   2.21456222e+00, 
             -1.68090493e+01,   7.31688589e+00,   3.05845994e+00,  -1.53839942e+01,   7.45368063e+00, 
              5.55571785e-01,  -2.94799854e+01,   3.27880831e+01,   3.26177614e-01,  -2.93936814e+01, 
              3.27459717e+01,   2.03916320e+00,  -3.11099271e+01,   3.33993238e+01,  -9.53971769e-03, 
             -2.06299099e+01,   2.71623989e+01,   3.39844901e+01,  -2.05065637e+01,   2.64060199e+01, 
              3.23030572e+01,  -1.93787050e+01,   2.85874772e+01,   3.42383971e+01,  -4.15416438e+00, 
             -1.10277143e+01,   4.71105921e+00,  -3.19670042e+00,  -1.22719141e+01,   5.54389694e+00, 
             -3.64322633e+00,  -1.11985273e+01,   2.97593429e+00,   1.79415795e+01,   1.64673486e+01, 
             -5.14403255e+00,   1.87826214e+01,   1.62721379e+01,  -6.68131344e+00,   1.68901267e+01, 
              1.79406695e+01,  -5.34151622e+00,  -1.62318733e+01,  -8.15148846e+00,   6.88522006e+00, 
             -1.68934823e+01,  -7.82840618e+00,   8.48861912e+00,  -1.44721657e+01,  -7.97638987e+00, 
              7.27112386e+00,   5.84519686e+00,  -1.72423194e+01,  -5.49594526e+00,   5.75444780e+00, 
             -1.89368543e+01,  -4.95964895e+00,   6.89081027e+00,  -1.64573736e+01,  -4.25683565e+00, 
              9.90434576e+00,  -2.44503216e+00,   4.56252485e+01,   1.04757298e+01,  -4.04762385e+00, 
              4.50875518e+01,   9.35463202e+00,  -1.63573236e+00,   4.41650890e+01,  -1.33898294e+00, 
             -2.43989283e+01,   2.88781203e+01,  -2.98137541e+00,  -2.48851418e+01,   2.95759546e+01, 
             -1.47375203e+00,  -2.46000952e+01,   2.70846209e+01,  -1.54901900e+01,   1.19657741e+01, 
             -2.25893179e+01,  -1.57789374e+01,   1.28646672e+01,  -2.40087688e+01,  -1.43353377e+01, 
              1.06431491e+01,  -2.30530499e+01,   6.78176848e+00,   2.33308432e+01,   2.57372048e+01, 
              7.06981614e+00,   2.41110228e+01,   2.74294146e+01,   8.20489158e+00,   2.39231636e+01, 
              2.49690727e+01,   4.14706571e+01,   4.12183830e+01,   2.77605594e-01,   4.26553397e+01, 
              4.06434575e+01,  -9.30226755e-01,   4.19264818e+01,   4.00286960e+01,   1.49209115e+00, 
             -4.55059020e+00,  -5.23462412e+00,   2.24955138e+01,  -4.96350948e+00,  -6.57253125e+00, 
              2.35869524e+01,  -2.79079928e+00,  -5.75111599e+00,   2.22452934e+01,  -7.42970598e+00, 
              4.37817849e+01,   4.01514408e+00,  -7.64702660e+00,   4.21318436e+01,   3.30909874e+00, 
             -6.33514818e+00,   4.47611277e+01,   3.05060258e+00,   1.03363996e+01,  -7.85469355e-01, 
              5.52374858e+01,   1.11034551e+01,  -5.06141776e-02,   5.67548498e+01,   1.08842217e+01, 
             -2.53572552e+00,   5.50488677e+01,   2.39534051e+01,   7.83814436e+00,  -7.91196512e+00, 
              2.41263766e+01,   6.22489378e+00,  -7.25743513e+00,   2.38473885e+01,   7.44134294e+00, 
             -9.62759286e+00,   2.94230567e+01,  -9.99673702e+00,   5.54214758e+00,   3.06472630e+01, 
             -1.11110054e+01,   4.76397123e+00,   2.79918852e+01,  -1.02526422e+01,   4.61122515e+00, 
              1.76971031e+00,   1.76843094e+01,   4.45071768e+00,   1.76967268e+00,   1.61405473e+01, 
              3.64151207e+00,   2.57629741e+00,   1.73940610e+01,   6.04635612e+00,  -4.66091302e+00, 
              2.93680415e+00,   1.52650645e+01,  -5.93994802e+00,   3.06832816e+00,   1.40996279e+01, 
             -3.57552526e+00,   4.37438259e+00,   1.49528688e+01,   1.99036651e+01,   4.57248243e-01, 
             -2.98415582e+01,   2.00552234e+01,  -1.13947008e+00,  -3.06875116e+01,   1.83977020e+01, 
              1.27257150e+00,  -3.05853964e+01,   1.52586669e+01,   2.30900114e+01,   8.45383596e+00, 
              1.49491850e+01,   2.28766512e+01,   6.66861724e+00,   1.35654103e+01,   2.36527757e+01, 
              8.87388546e+00,   1.32087955e+01,  -6.98771560e+00,  -1.07055461e+01,   1.18246577e+01, 
             -6.04465644e+00,  -1.00777117e+01,   1.27382300e+01,  -8.00446686e+00,  -1.20654160e+01, 
              2.82798776e+01,  -1.18117263e+01,  -4.29091960e+01,   2.98508126e+01,  -1.11896678e+01, 
             -4.22275871e+01,   2.82764451e+01,  -1.13797087e+01,  -4.46899103e+01,   4.27538145e+01, 
             -2.52134345e+00,  -6.26141559e+00,   4.14959488e+01,  -1.90861786e+00,  -5.17205095e+00, 
              4.26426287e+01,  -1.29360539e+00,  -7.59521092e+00,   1.81399950e+01,  -1.26850999e+01, 
              8.53104946e-03,   1.77552567e+01,  -1.21895578e+01,  -1.75000354e+00,   1.90745656e+01, 
             -1.43571207e+01,  -1.58534693e-01,   3.20506315e+01,  -2.60898618e+01,  -4.61751834e+00, 
              3.39136967e+01,  -2.60662195e+01,  -4.83180889e+00,   3.16882616e+01,  -2.65632261e+01, 
             -2.94773923e+00,  -9.47601811e+00,   2.17135230e+01,  -9.85929168e+00,  -1.05851669e+01, 
              2.07343694e+01,  -8.93828831e+00,  -9.21647883e+00,   2.05922930e+01,  -1.12768929e+01, 
              4.63195595e+01,   3.72196487e+01,  -1.17126421e+00,   4.74318539e+01,   3.82032856e+01, 
             -2.18154994e+00,   4.51930853e+01,   3.63976891e+01,  -2.18513879e+00,   2.68865957e+01, 
              1.49285123e+01,   5.01217523e+01,   2.60713733e+01,   1.51239673e+01,   5.17615178e+01, 
              2.71939681e+01,   1.65246282e+01,   4.94768171e+01 ]
         </q>
         <p shape='(1, 288)'>
          [  -1.01568868e+00,   2.26573721e+00,  -6.20966502e+00,   2.49292915e-01,  -2.09967037e-02, 
              9.79895740e-01,   1.47925091e+00,   9.13263391e-01,   1.94887048e+00,  -8.73207623e-01, 
             -4.15677852e+00,   1.21130825e+00,  -2.30596260e-01,   6.56260388e-01,   1.98440508e+00, 
             -2.25874460e+00,   5.54211178e-01,   7.93404934e-01,   7.22736164e+00,   7.16582969e+00, 
              9.84182028e+00,  -1.14081081e+00,  -3.64395186e-01,  -6.80848385e-01,  -1.32561271e+00, 
              1.99768784e-01,   1.73957909e+00,   1.47186139e+00,  -3.12736045e+00,  -1.49809288e+00, 
              1.17056604e+00,   1.28360529e+00,  -8.55387874e-02,  -9.61391218e-01,  -1.69764542e+00, 
             -3.64940513e+00,   1.04600597e+01,  -2.79780282e+00,   1.56704963e+00,  -1.43435484e-01, 
             -1.89391439e-01,   1.39046708e-01,   6.16439067e-01,   1.17245531e+00,  -9.00455336e-01, 
             -4.96108340e+00,   1.97822897e+00,  -1.99782859e+00,   1.13645459e+00,   4.87653641e-01, 
             -1.13660137e+00,  -1.67772658e+00,  -1.68620905e+00,   2.51991229e+00,   2.27442665e+00, 
             -2.90876605e+00,  -3.69455081e-01,  -2.50354356e+00,  -1.27620297e+00,  -1.20794652e+00, 
             -1.10870553e+00,  -6.94699053e-02,   3.93455835e-01,   1.28373875e+01,   6.09171261e+00, 
              9.23534767e+00,   3.33418385e+00,  -1.81777306e-01,  -1.19347882e+00,  -8.51839305e-01, 
              8.31685040e-01,  -8.01654520e-01,   3.40795855e+00,   4.94674111e+00,   9.72367364e+00, 
             -7.49987835e-01,   4.94470815e-01,  -2.93618947e-01,  -2.08590226e+00,  -5.36652282e-01, 
             -5.71348520e-01,   2.32743897e+00,  -2.00285477e+00,   9.07061109e+00,  -6.91445550e-01, 
             -6.20575989e-01,   8.63513645e-03,  -4.18126185e-02,  -5.98769724e-01,   2.03726361e+00, 
             -1.40639460e+00,   3.21846186e-01,  -3.28280805e+00,   1.23143089e+00,   1.37179682e+00, 
              1.26857107e+00,  -6.90885090e-01,  -1.42231238e+00,   1.01574485e+00,   3.50567189e-01, 
             -4.28679405e+00,  -4.03178120e+00,  -3.05616417e-01,   6.45117579e-01,   8.44754790e-01, 
              2.70856190e+00,  -3.23146225e+00,   1.26219588e+00,  -1.97490593e+00,   1.81968728e+00, 
              5.68020910e+00,   2.63392803e+00,   1.79030094e+00,  -1.28253986e+00,   1.08152288e+00, 
             -1.58981409e+00,   9.47874056e-01,   3.22156318e+00,  -1.02584721e+00,  -1.86914774e+00, 
             -2.19408419e-01,  -2.17707876e+00,   5.72694644e-01,   4.85072835e-01,  -3.70869468e-01, 
             -2.58368442e+00,   7.76079544e+00,   7.86334992e+00,   2.91136427e+00,  -2.16802486e-01, 
              1.38293133e+00,  -4.62161105e-01,   2.35158682e-01,  -4.95816021e-02,   2.37736077e-01, 
              1.94958339e+00,  -2.76793863e+00,  -2.15174319e+00,   1.33816638e+00,  -1.01307826e+00, 
             -3.15096652e+00,   3.21662927e+00,   7.08873854e-01,  -8.19905281e-01,  -1.11812319e+01, 
              1.08664435e+00,  -1.59089107e+00,  -5.89540317e-01,  -1.71186344e+00,   1.59895395e+00, 
             -4.27240491e-01,  -1.08307522e-01,  -1.90837966e+00,  -8.09553864e+00,  -8.27774602e+00, 
             -1.54270847e+00,  -7.16289004e-02,  -8.16648190e-01,  -8.62502084e-01,  -1.39398184e+00, 
             -5.98239512e-02,   6.10979935e-01,   2.91986110e+00,  -3.04095247e+00,  -5.92993869e+00, 
             -1.21778440e+00,  -4.06698492e-01,   1.13199086e+00,   1.00963054e+00,   3.10599909e-02, 
             -3.69827060e-01,  -1.08437145e+00,   5.58011561e+00,   4.17231029e+00,  -8.50703049e-01, 
             -6.46861242e-01,  -1.09421489e+00,  -8.27482639e-01,  -4.61591152e-01,  -4.31831854e-02, 
             -6.32645514e+00,  -6.65859506e-01,  -4.60329251e+00,  -6.58678557e-02,  -1.82617315e+00, 
             -5.95674804e-01,  -2.60922491e-01,  -2.09520588e+00,  -1.67998130e+00,  -1.79064248e+00, 
              2.35923147e+00,   2.99633585e-01,  -2.19076161e+00,   2.29181613e+00,  -5.66823714e-01, 
             -1.69820544e+00,   1.56954407e+00,  -2.74509968e-01,  -1.24836366e+01,   1.54384008e+00, 
             -5.69313764e-01,  -8.57066500e-01,  -1.43219793e+00,  -3.73020655e-01,  -6.03939964e-01, 
             -1.04500192e+00,  -1.66477235e+00,   3.01575235e+00,   2.98913741e+00,  -4.85969039e-01, 
              3.22366864e-01,  -1.55353623e+00,   1.06974787e+00,  -1.40707245e+00,  -2.06616089e+00, 
              3.23398227e+00,  -1.04298134e+00,   3.92691819e+00,  -8.79784445e+00,   8.39397029e-01, 
              2.03259804e-01,   1.04662061e-01,  -2.82911083e+00,   2.01426735e+00,   1.85580097e+00, 
              2.23773747e+00,   1.56568160e+00,  -4.32277742e+00,  -1.25917723e+00,  -1.28519409e+00, 
              2.09166337e+00,   6.75241537e-01,   8.71296272e-01,   3.47899721e-01,   6.30446689e+00, 
             -6.39270887e+00,  -4.85764531e-01,   1.37206210e-01,  -1.55786181e+00,  -2.45761447e+00, 
             -4.08973389e-01,   1.16349068e-01,   4.53765448e-01,  -1.49677771e+00,   5.80588983e+00, 
             -9.00228067e-01,  -1.61946183e+00,  -1.78684599e+00,  -3.88881053e-01,   5.40201890e-01, 
              1.48477221e+00,   1.20386322e+00,   2.99616031e+00,  -3.93249873e+00,  -3.13570451e-01, 
             -1.83259983e+00,   4.53787628e-01,  -2.03040409e+00,  -2.48026355e-01,   8.01191425e-01, 
             -9.47447195e-01,   1.04621459e+00,   1.47277850e+00,  -1.91862392e+00,   1.21553299e+00, 
             -5.56221483e-01,  -2.25965007e+00,   2.45305631e-01,  -1.69904530e+00,   4.18280667e-01, 
             -6.35298358e+00,  -5.03525961e+00,   5.81018179e+00,   7.40936338e-01,  -1.36781432e+00, 
             -3.53846648e-01,  -8.90323238e-01,   5.36976541e-01,  -1.57662540e-01,   5.38792685e-01, 
              6.81758647e+00,  -1.21578446e+00,  -7.35412669e-01,   1.13661560e+00,  -9.88180809e-01, 
              5.84982866e-01,   3.94216542e-01,  -4.15181522e-01 ]
         </p>
         <m shape='(96)'>
          [   2.91651223e+04,   1.83736223e+03,   1.83736223e+03,   2.91651223e+04,   1.83736223e+03, 
              1.83736223e+03,   2.91651223e+04,   1.83736223e+03,   1.83736223e+03,   2.91651223e+04, 
              1.83736223e+03,   1.83736223e+03,   2.91651223e+04,   1.83736223e+03,   1.83736223e+03, 
              2.91651223e+04,   1.83736223e+03,   1.83736223e+03,   2.91651223e+04,   1.83736223e+03, 
              1.83736223e+03,   2.91651223e+04,   1.83736223e+03,   1.83736223e+03,   2.91651223e+04, 
              1.83736223e+03,   1.83736223e+03,   2.91651223e+04,   1.83736223e+03,   1.83736223e+03, 
              2.91651223e+04,   1.83736223e+03,   1.83736223e+03,   2.91651223e+04,   1.83736223e+03, 
              1.83736223e+03,   2.91651223e+04,   1.83736223e+03,   1.83736223e+03,   2.91651223e+04, 
              1.83736223e+03,   1.83736223e+03,   2.91651223e+04,   1.83736223e+03,   1.83736223e+03, 
              2.91651223e+04,   1.83736223e+03,   1.83736223e+03,   2.91651223e+04,   1.83736223e+03, 
              1.83736223e+03,   2.91651223e+04,   1.83736223e+03,   1.83736223e+03,   2.91651223e+04, 
              1.83736223e+03,   1.83736223e+03,   2.91651223e+04,   1.83736223e+03,   1.83736223e+03, 
              2.91651223e+04,   1.83736223e+03,   1.83736223e+03,   2.91651223e+04,   1.83736223e+03, 
              1.83736223e+03,   2.91651223e+04,   1.83736223e+03,   1.83736223e+03,   2.91651223e+04, 
              1.83736223e+03,   1.83736223e+03,   2.91651223e+04,   1.83736223e+03,   1.83736223e+03, 
              2.91651223e+04,   1.83736223e+03,   1.83736223e+03,   2.91651223e+04,   1.83736223e+03, 
              1.83736223e+03,   2.91651223e+04,   1.83736223e+03,   1.83736223e+03,   2.91651223e+04, 
              1.83736223e+03,   1.83736223e+03,   2.91651223e+04,   1.83736223e+03,   1.83736223e+03, 
              2.91651223e+04,   1.83736223e+03,   1.83736223e+03,   2.91651223e+04,   1.83736223e+03, 
              1.83736223e+03 ]
         </m>
         <names shape='(96)'>
          [ O, H, H, O, H, 
            H, O, H, H, O, 
            H, H, O, H, H, 
            O, H, H, O, H, 
            H, O, H, H, O, 
            H, H, O, H, H, 
            O, H, H, O, H, 
            H, O, H, H, O, 
            H, H, O, H, H, 
            O, H, H, O, H, 
            H, O, H, H, O, 
            H, H, O, H, H, 
            O, H, H, O, H, 
            H, O, H, H, O, 
            H, H, O, H, H, 
            O, H, H, O, H, 
            H, O, H, H, O, 
            H, H, O, H, H, 
            O, H, H, O, H, 
            H ]
         </names>
      </beads>
      <motion mode='dynamics'>
         <dynamics mode='nvt'>
            <timestep>  1.03353433e+01</timestep>
            <thermostat mode='langevin'>
               <tau>  4.13413730e+03</tau>
               <ethermo> -1.76619982e+00</ethermo>
            </thermostat>
         </dynamics>
      </motion>
      <forces>
         <force forcefield='force-provider'>
         </force>
      </forces>
      <ensemble>
         <temperature>  9.43710930e-04</temperature>
         <eens>  1.76774432e+00</eens>
      </ensemble>
   </system>
</simulation>
